note,velocity,position,duration
76,54,0,80
82,46,80,80
85,40,160,80
76,56,240,120
74,51,720,80
81,43,800,80
86,40,880,80
74,53,960,120
74,51,1440,80
80,43,1520,80
83,40,1600,80
74,50,1680,120
72,49,2160,80
79,40,2240,80
84,38,2320,80
72,51,2400,120
72,51,2880,80
79,40,2960,80
81,37,3040,80
72,49,3120,120
75,54,3570,270
79,58,3580,260
84,62,3590,250
87,64,3600,240
62,54,4320,80
66,46,4400,80
74,40,4480,80
62,50,4560,120
67,40,5040,240
62,40,5040,240
58,40,5040,240
86,54,5760,80
94,46,5840,80
98,40,5920,80
86,50,6000,240
74,54,6240,80
82,46,6320,80
86,40,6400,80
74,59,6480,240
72,50,6960,120
70,49,7080,60
72,49,7140,60
70,58,7200,240
69,49,7680,120
69,42,7860,60
72,50,7920,480
70,46,8400,240
79,54,8640,80
86,46,8720,80
91,40,8800,80
79,50,8880,240
67,54,9120,80
74,46,9200,80
79,40,9280,80
67,59,9360,240
63,50,9840,240
62,58,10080,240
70,54,10320,240
69,49,10560,117
69,42,10680,60
70,42,10720,60
69,50,10800,480
67,46,11280,240
86,54,11520,80
94,46,11600,80
98,40,11680,80
86,50,11760,240
74,54,12000,80
82,46,12080,80
86,40,12160,80
74,59,12240,240
72,50,12720,120
70,49,12840,60
72,49,12900,60
70,58,12960,240
69,49,13440,120
69,42,13620,60
72,50,13680,480
70,46,14160,240
79,54,14400,80
86,46,14480,80
91,40,14560,80
79,50,14640,240
67,54,14880,80
74,46,14960,80
79,40,15040,80
67,59,15120,240
63,50,15600,240
62,58,15840,240
70,54,16080,240
69,49,16320,117
69,42,16440,60
70,42,16480,60
69,50,16560,480
67,46,17040,240
77,54,17280,80
82,46,17360,80
89,40,17440,80
77,50,17520,240
65,54,17760,80
74,46,17840,80
77,40,17920,80
65,59,18000,240
63,50,18480,120
63,58,18720,80
65,48,18800,80
63,48,18880,80
62,55,18960,240
60,50,19200,120
60,45,19380,60
63,50,19440,480
62,46,19920,240
74,54,20160,80
79,46,20240,80
86,40,20320,80
74,50,20400,240
62,54,20640,80
67,46,20720,80
74,40,20800,80
62,59,20880,240
60,50,21360,120
60,58,21600,80
62,48,21680,80
60,48,21760,80
58,55,21840,240
57,50,22080,120
57,45,22240,60
60,50,22320,480
58,46,22800,240
67,54,23040,80
75,46,23120,80
79,40,23200,80
67,57,23280,240
68,59,23760,80
75,50,23840,80
80,44,23920,80
68,50,24000,240
66,64,24480,80
72,55,24560,80
78,48,24640,80
66,68,24720,240
67,67,25200,80
74,57,25280,80
79,50,25360,80
67,57,25440,240
63,73,25920,80
67,63,26000,80
75,55,26080,80
63,78,26160,240
60,80,26640,80
67,69,26720,80
72,59,26800,80
60,85,26880,240
62,85,27360,80
67,74,27440,80
62,64,27520,80
61,86,27600,120
62,93,27840,120
67,96,28080,120
67,87,28320,120
70,87,28320,120
79,103,28320,120
86,54,28800,120
74,50,29040,120
79,54,29520,120
67,50,29760,120
74,54,30240,120
62,50,30480,120
74,54,30960,720
71,34,31200,240
67,28,31200,240
71,34,31440,240
67,28,31440,240
76,59,31680,720
71,38,31920,240
67,31,31920,240
71,38,32160,240
67,31,32160,240
76,64,32400,720
69,33,32640,240
66,28,32640,240
69,33,32880,240
66,28,32880,240
74,54,33120,120
74,70,33360,80
81,49,33440,80
86,49,33520,80
74,63,33600,240
74,54,33840,720
67,34,34080,240
64,28,34080,240
67,34,34320,240
64,28,34320,240
72,59,34560,480
67,38,34800,480
64,31,34800,480
74,45,35040,240
72,61,35280,720
66,33,35520,240
63,28,35520,240
66,33,35760,240
63,28,35760,240
71,54,36000,120
71,65,36240,80
78,46,36320,80
83,46,36400,80
71,65,36480,240
71,54,36720,720
67,34,36960,240
62,28,36960,240
67,34,37200,240
62,28,37200,240
67,59,37440,720
62,34,37680,240
59,28,37680,240
62,34,37920,240
59,28,37920,240
69,64,38160,720
63,33,38400,240
67,39,38400,240
63,33,38640,240
67,39,38640,240
72,68,38880,720
67,34,39120,240
69,41,39120,240
67,34,39360,240
69,41,39360,240
71,64,39600,720
62,33,39840,240
67,39,39840,240
62,32,40080,240
67,39,40080,240
69,63,40320,720
62,34,40560,240
60,29,40560,240
62,34,40800,240
60,28,40800,240
67,63,41040,720
59,27,41280,240
62,32,41280,240
59,25,41520,240
62,30,41520,240
62,28,41760,240
59,22,41760,240
62,25,42000,240
59,22,42000,240
62,22,42240,240
59,19,42240,240
74,54,42480,720
71,34,42720,240
67,28,42720,240
71,34,42960,240
67,28,42960,240
76,59,43200,720
71,38,43440,240
67,31,43440,240
71,38,43680,240
67,31,43680,240
76,64,43920,720
69,33,44160,240
66,28,44160,240
69,33,44400,240
66,28,44400,240
74,54,44640,120
74,68,44880,80
81,49,44960,80
86,49,45040,80
74,63,45120,240
74,54,45360,720
67,34,45600,240
64,28,45600,240
67,34,45840,240
64,28,45840,240
72,59,46080,480
67,38,46320,480
64,31,46320,480
74,45,46560,240
72,61,46800,720
66,33,47040,240
63,28,47040,240
66,33,47280,240
63,28,47280,240
71,54,47520,120
71,66,47760,80
78,46,47840,80
83,46,47920,80
71,65,48000,240
71,54,48240,720
67,34,48480,240
62,28,48480,240
67,34,48720,240
62,28,48720,240
67,59,48960,720
62,34,49200,240
59,28,49200,240
62,34,49440,240
59,28,49440,240
69,64,49680,720
63,33,49920,240
67,39,49920,240
63,33,50160,240
67,39,50160,240
72,68,50400,720
67,34,50640,240
69,41,50640,240
67,34,50880,240
69,41,50880,240
71,64,51120,720
62,33,51360,240
67,39,51360,240
62,32,51600,240
67,39,51600,240
69,63,51840,720
62,34,52080,240
60,29,52080,240
62,34,52320,240
60,28,52320,240
67,63,52560,720
59,27,52800,240
62,32,52800,240
59,25,53040,240
62,30,53040,240
55,51,53520,120
67,61,53520,120
55,43,53760,120
67,52,53760,120
67,65,54000,120
55,55,54000,120
55,48,54240,120
67,58,54240,120
55,40,54480,120
67,47,54480,120
63,49,54720,720
55,48,54960,120
67,57,54960,120
55,41,55200,120
67,48,55200,120
62,53,55440,720
55,45,55680,120
67,53,55680,120
67,41,55920,120
55,35,55920,120
60,54,56160,720
67,48,56400,120
55,41,56400,120
67,41,56640,120
55,35,56640,120
67,68,56880,240
58,56,56880,240
55,56,56880,240
62,47,57600,240
57,39,57600,240
54,39,57600,240
55,39,58320,240
86,54,59040,80
94,46,59120,80
98,40,59200,80
86,50,59280,240
74,54,59520,80
82,46,59600,80
86,40,59680,80
74,59,59760,240
72,50,60240,120
70,49,60360,60
72,49,60420,60
70,58,60480,240
69,49,60960,120
69,42,61140,60
72,50,61200,480
70,46,61680,240
79,54,61920,80
86,46,62000,80
91,40,62080,80
79,50,62160,240
67,54,62400,80
74,46,62480,80
79,40,62560,80
67,59,62640,240
63,50,63120,240
62,58,63360,240
70,54,63600,240
69,49,63840,117
69,42,63960,60
70,42,64000,60
69,50,64080,480
67,46,64560,240
86,54,64800,80
94,46,64880,80
98,40,64960,80
86,50,65040,240
74,54,65280,80
82,46,65360,80
86,40,65440,80
74,59,65520,240
72,50,66000,120
70,49,66120,60
72,49,66180,60
70,58,66240,240
69,49,66720,120
69,42,66900,60
72,50,66960,480
70,46,67440,240
79,54,67680,80
86,46,67760,80
91,40,67840,80
79,50,67920,240
67,54,68160,80
74,46,68240,80
79,40,68320,80
67,59,68400,240
63,50,68880,240
62,58,69120,240
70,54,69360,240
69,49,69600,117
69,42,69720,60
70,42,69760,60
69,50,69840,480
67,46,70320,240
77,54,70560,80
82,46,70640,80
89,40,70720,80
77,50,70800,240
65,54,71040,80
74,46,71120,80
77,40,71200,80
65,59,71280,240
63,50,71760,120
63,58,72000,80
65,48,72080,80
63,48,72160,80
62,55,72240,240
60,50,72480,120
60,45,72660,60
63,50,72720,480
62,46,73200,240
74,54,73440,80
79,46,73520,80
86,40,73600,80
74,50,73680,240
62,54,73920,80
67,46,74000,80
74,40,74080,80
62,59,74160,240
60,50,74640,120
60,58,74880,80
62,48,74960,80
60,48,75040,80
58,55,75120,240
57,50,75360,120
57,45,75520,60
60,50,75600,480
58,46,76080,240
67,54,76320,80
75,46,76400,80
79,40,76480,80
67,57,76560,240
68,59,77040,80
75,50,77120,80
80,44,77200,80
68,50,77280,240
66,64,77760,80
72,55,77840,80
78,48,77920,80
66,68,78000,240
67,67,78480,80
74,57,78560,80
79,50,78640,80
67,57,78720,240
63,73,79200,80
67,63,79280,80
75,55,79360,80
63,78,79440,240
60,80,79920,80
67,69,80000,80
72,59,80080,80
60,85,80160,240
62,85,80640,80
67,74,80720,80
62,64,80800,80
61,86,80880,120
62,93,81120,120
67,96,81360,120
67,87,81600,120
70,87,81600,120
79,103,81600,120
67,37,0,240
67,38,480,120
66,46,720,240
66,38,1200,120
65,46,1440,240
65,37,1920,120
64,45,2160,240
64,40,2640,120
63,47,2880,240
63,34,3360,180
60,41,3540,300
67,44,3550,290
69,45,3560,280
50,31,4320,240
57,31,4320,240
60,37,4320,240
38,31,4800,120
50,31,4800,120
43,31,5040,240
55,31,5040,240
55,37,5760,720
58,26,6000,180
62,31,6000,180
58,26,6240,180
62,31,6240,180
55,37,6480,720
57,26,6720,180
60,26,6720,180
63,31,6720,180
57,26,6960,180
60,26,6960,180
63,31,6960,180
54,37,7200,720
60,26,7440,180
62,31,7440,180
60,26,7680,180
62,31,7680,180
55,37,7920,720
62,31,8160,180
58,26,8160,180
58,26,8400,180
62,31,8400,180
46,37,8640,720
50,26,8880,180
55,31,8880,180
50,26,9120,180
55,31,9120,180
48,37,9360,720
55,26,9600,180
57,31,9600,180
55,26,9840,180
57,31,9840,180
55,37,10080,720
54,26,10320,180
60,31,10320,180
54,26,10560,180
60,31,10560,180
55,37,10800,720
62,31,11040,180
58,26,11040,180
58,26,11280,180
62,31,11280,180
55,37,11520,720
58,26,11760,180
62,31,11760,180
58,26,12000,180
62,31,12000,180
55,37,12240,720
57,26,12480,180
60,26,12480,180
63,31,12480,180
57,26,12720,180
60,26,12720,180
63,31,12720,180
54,37,12960,720
60,26,13200,180
62,31,13200,180
60,26,13440,180
62,31,13440,180
55,37,13680,720
62,31,13920,180
58,26,13920,180
58,26,14160,180
62,31,14160,180
46,37,14400,720
50,26,14640,180
55,31,14640,180
50,26,14880,180
55,31,14880,180
48,37,15120,720
55,26,15360,180
57,31,15360,180
55,26,15600,180
57,31,15600,180
55,37,15840,720
54,26,16080,180
60,31,16080,180
54,26,16320,180
60,31,16320,180
55,37,16560,720
62,31,16800,180
58,26,16800,180
58,26,17040,180
62,31,17040,180
50,37,17280,720
53,26,17520,180
58,31,17520,180
53,26,17760,180
58,31,17760,180
48,37,18000,720
55,26,18240,180
58,31,18240,180
55,26,18480,180
58,31,18480,180
41,37,18720,720
53,26,18960,180
57,31,18960,180
53,26,19200,180
57,31,19200,180
46,37,19440,720
58,31,19680,180
53,26,19680,180
53,26,19920,180
58,31,19920,180
46,37,20160,720
50,26,20400,180
55,31,20400,180
50,26,20640,180
55,31,20640,180
45,37,20880,720
51,26,21120,180
55,31,21120,180
51,26,21360,180
55,31,21360,180
38,37,21600,240
50,26,21840,180
54,31,21840,180
50,26,22080,180
54,31,22080,180
43,37,22320,720
55,31,22560,180
50,26,22560,180
50,26,22800,180
55,31,22800,180
39,33,23040,120
51,40,23040,120
50,42,23280,120
38,34,23280,120
51,46,23520,120
39,38,23520,120
36,36,23760,120
48,44,23760,120
47,46,24000,120
35,37,24000,120
36,33,24240,120
48,37,24240,120
38,40,24480,120
50,49,24480,120
49,50,24720,120
37,42,24720,120
50,55,24960,120
38,44,24960,120
34,46,25200,120
46,55,25200,120
45,57,25440,120
33,47,25440,120
34,40,25680,120
46,47,25680,120
36,46,25920,120
48,56,25920,120
47,57,26160,120
35,48,26160,120
48,62,26400,120
36,50,26400,120
39,50,26640,120
51,60,26640,120
50,62,26880,120
38,52,26880,120
51,68,27120,120
39,56,27120,120
38,49,27360,120
50,58,27360,120
37,48,27600,120
49,57,27600,120
38,57,27840,120
50,67,27840,120
55,80,28080,120
43,67,28080,120
55,78,28320,120
50,65,28320,120
43,65,28320,120
62,39,29280,120
55,39,30000,120
50,39,30720,120
62,37,30960,720
55,22,31200,240
59,26,31200,240
55,22,31440,240
59,26,31440,240
64,40,31680,720
55,24,31920,240
59,28,31920,240
55,24,32160,240
59,28,32160,240
64,46,32400,720
54,21,32640,240
57,24,32640,240
54,21,32880,240
57,24,32880,240
62,37,33120,720
54,22,33360,240
57,26,33360,240
54,18,33600,240
57,22,33600,240
62,37,33840,720
52,17,34080,240
55,20,34080,240
52,17,34320,240
55,20,34320,240
60,40,34560,480
52,19,34800,480
55,22,34800,480
62,28,35040,240
60,46,35280,720
51,16,35520,240
54,19,35520,240
51,16,35760,240
54,19,35760,240
59,37,36000,720
51,22,36240,240
54,26,36240,240
51,18,36480,240
54,22,36480,240
59,37,36720,720
50,22,36960,240
55,26,36960,240
50,22,37200,240
55,26,37200,240
55,40,37440,720
47,24,37680,240
50,28,37680,240
47,24,37920,240
50,28,37920,240
57,49,38160,720
55,31,38400,240
48,26,38400,240
55,31,38640,240
48,26,38640,240
60,54,38880,720
55,38,39120,240
51,32,39120,240
55,38,39360,240
51,32,39360,240
59,51,39600,720
55,37,39840,240
50,31,39840,240
55,37,40080,240
50,31,40080,240
57,50,40320,720
50,30,40560,240
54,36,40560,240
50,31,40800,240
54,37,40800,240
55,50,41040,720
43,21,41280,240
50,30,41280,240
50,27,41520,240
43,22,41520,240
50,25,41760,240
43,22,41760,240
50,24,42000,240
43,21,42000,240
50,22,42240,240
43,19,42240,240
62,37,42480,720
55,22,42720,240
59,26,42720,240
55,22,42960,240
59,26,42960,240
64,40,43200,720
55,24,43440,240
59,28,43440,240
55,24,43680,240
59,28,43680,240
64,46,43920,720
54,21,44160,240
57,24,44160,240
54,21,44400,240
57,24,44400,240
62,37,44640,720
54,22,44880,240
57,26,44880,240
54,18,45120,240
57,22,45120,240
62,37,45360,720
52,17,45600,240
55,20,45600,240
52,17,45840,240
55,20,45840,240
60,40,46080,480
52,19,46320,480
55,22,46320,480
62,28,46560,240
60,46,46800,720
51,16,47040,240
54,19,47040,240
51,16,47280,240
54,19,47280,240
59,37,47520,720
51,22,47760,240
54,26,47760,240
51,18,48000,240
54,22,48000,240
59,37,48240,720
50,22,48480,240
55,26,48480,240
50,22,48720,240
55,26,48720,240
55,40,48960,720
47,24,49200,240
50,28,49200,240
47,24,49440,240
50,28,49440,240
57,49,49680,720
55,31,49920,240
48,26,49920,240
55,31,50160,240
48,26,50160,240
60,54,50400,720
55,38,50640,240
51,32,50640,240
55,38,50880,240
51,32,50880,240
59,51,51120,720
55,37,51360,240
50,31,51360,240
55,37,51600,240
50,31,51600,240
57,50,51840,720
50,30,52080,240
54,36,52080,240
50,31,52320,240
54,37,52320,240
55,50,52560,720
43,21,52800,240
50,30,52800,240
50,27,53040,240
43,22,53040,240
39,66,53280,720
51,79,53280,720
38,63,54000,720
50,74,54000,720
36,69,54720,720
48,81,54720,720
34,69,55440,720
46,81,55440,720
39,63,56160,720
51,74,56160,720
50,46,57120,240
38,39,57120,240
50,40,57360,240
38,34,57360,240
38,33,57840,240
50,39,57840,240
38,28,58080,240
50,33,58080,240
62,34,58560,240
58,28,58560,240
62,25,58800,240
58,21,58800,240
55,37,59040,720
58,26,59280,180
62,31,59280,180
58,26,59520,180
62,31,59520,180
55,37,59760,720
57,26,60000,180
60,26,60000,180
63,31,60000,180
57,26,60240,180
60,26,60240,180
63,31,60240,180
54,37,60480,720
60,26,60720,180
62,31,60720,180
60,26,60960,180
62,31,60960,180
55,37,61200,720
62,31,61440,180
58,26,61440,180
58,26,61680,180
62,31,61680,180
46,37,61920,720
50,26,62160,180
55,31,62160,180
50,26,62400,180
55,31,62400,180
48,37,62640,720
55,26,62880,180
57,31,62880,180
55,26,63120,180
57,31,63120,180
55,37,63360,720
54,26,63600,180
60,31,63600,180
54,26,63840,180
60,31,63840,180
55,37,64080,720
62,31,64320,180
58,26,64320,180
58,26,64560,180
62,31,64560,180
55,37,64800,720
58,26,65040,180
62,31,65040,180
58,26,65280,180
62,31,65280,180
55,37,65520,720
57,26,65760,180
60,26,65760,180
63,31,65760,180
57,26,66000,180
60,26,66000,180
63,31,66000,180
54,37,66240,720
60,26,66480,180
62,31,66480,180
60,26,66720,180
62,31,66720,180
55,37,66960,720
62,31,67200,180
58,26,67200,180
58,26,67440,180
62,31,67440,180
46,37,67680,720
50,26,67920,180
55,31,67920,180
50,26,68160,180
55,31,68160,180
48,37,68400,720
55,26,68640,180
57,31,68640,180
55,26,68880,180
57,31,68880,180
55,37,69120,720
54,26,69360,180
60,31,69360,180
54,26,69600,180
60,31,69600,180
55,37,69840,720
62,31,70080,180
58,26,70080,180
58,26,70320,180
62,31,70320,180
50,37,70560,720
53,26,70800,180
58,31,70800,180
53,26,71040,180
58,31,71040,180
48,37,71280,720
55,26,71520,180
58,31,71520,180
55,26,71760,180
58,31,71760,180
41,37,72000,720
53,26,72240,180
57,31,72240,180
53,26,72480,180
57,31,72480,180
46,37,72720,720
58,31,72960,180
53,26,72960,180
53,26,73200,180
58,31,73200,180
46,37,73440,720
50,26,73680,180
55,31,73680,180
50,26,73920,180
55,31,73920,180
45,37,74160,720
51,26,74400,180
55,31,74400,180
51,26,74640,180
55,31,74640,180
38,37,74880,240
50,26,75120,180
54,31,75120,180
50,26,75360,180
54,31,75360,180
43,37,75600,720
55,31,75840,180
50,26,75840,180
50,26,76080,180
55,31,76080,180
39,33,76320,120
51,40,76320,120
50,42,76560,120
38,34,76560,120
51,46,76800,120
39,38,76800,120
36,36,77040,120
48,44,77040,120
47,46,77280,120
35,37,77280,120
36,33,77520,120
48,37,77520,120
38,40,77760,120
50,49,77760,120
49,50,78000,120
37,42,78000,120
50,55,78240,120
38,44,78240,120
34,46,78480,120
46,55,78480,120
45,57,78720,120
33,47,78720,120
34,40,78960,120
46,47,78960,120
36,46,79200,120
48,56,79200,120
47,57,79440,120
35,48,79440,120
48,62,79680,120
36,50,79680,120
39,50,79920,120
51,60,79920,120
50,62,80160,120
38,52,80160,120
51,68,80400,120
39,56,80400,120
38,49,80640,120
50,58,80640,120
37,48,80880,120
49,57,80880,120
38,57,81120,120
50,67,81120,120
55,80,81360,120
43,67,81360,120
55,78,81600,120
50,65,81600,120
43,65,81600,120
