note,velocity,position,duration,anomalies
72,60,0,480,0
76,89,593,80,2
81,23,560,298,3
72,49,640,80,0
79,60,720,480,0
77,52,1200,240,0
76,60,1440,480,0
76,60,1920,120,0
67,40,2040,120,0
74,60,2160,120,0
67,35,2280,120,0
74,60,2400,120,0
67,39,2520,120,0
76,61,2640,120,0
67,38,2760,120,0
77,63,2880,120,0
67,37,3000,120,0
76,60,3120,120,0
67,38,3240,120,0
74,58,3360,120,0
67,60,3480,58,2
76,60,3600,480,0
67,55,4080,80,0
69,55,4160,80,0
71,55,4240,80,0
72,60,4320,480,0
76,55,4800,80,0
74,49,4880,80,0
72,49,4960,80,0
79,60,5040,480,0
77,52,5520,240,0
76,60,5760,480,0
76,60,6240,120,0
67,40,6360,120,0
74,60,6480,304,1
67,35,6600,120,0
74,60,6720,120,0
67,39,6840,120,0
76,61,6960,120,0
67,38,7080,120,0
74,63,7200,120,0
67,37,7320,120,0
74,60,7440,120,0
67,38,7560,120,0
72,58,7680,120,0
67,38,7800,120,0
71,63,7920,120,0
74,51,8040,120,0
71,58,8160,120,0
67,50,8280,120,0
72,57,8400,832,2
66,53,8520,120,0
67,63,8640,480,0
84,63,11040,80,0
83,57,11120,80,0
81,57,11200,80,0
79,63,11280,80,0
78,57,11360,80,0
76,56,11440,80,0
74,63,11520,120,0
81,55,11640,120,0
84,59,11760,120,0
81,52,11880,120,0
83,61,12000,120,0
79,56,12120,120,0
81,63,12240,240,0
79,58,12480,240,0
78,53,12720,48,0
79,48,12768,48,0
78,53,12816,48,0
79,48,12864,48,0
78,48,12912,48,0
71,63,12960,480,0
74,63,12960,480,0
79,63,12960,480,0
84,63,15360,80,0
83,57,15440,80,0
81,57,15520,80,0
79,63,15600,80,0
78,57,15680,80,0
76,56,15760,80,0
74,63,15840,120,0
81,55,15960,120,0
84,59,16080,120,0
81,52,16200,120,0
83,61,16320,120,0
79,56,16440,120,0
81,63,16560,240,0
79,58,16800,240,0
78,53,17040,48,0
79,48,17088,48,0
78,53,17136,48,0
79,48,17184,48,0
78,48,17232,48,0
71,63,17280,480,0
74,63,17280,480,0
79,63,17280,480,0
72,60,18000,480,0
76,55,18480,80,0
74,49,18560,80,0
72,49,18640,80,0
79,60,18720,480,0
77,52,19200,240,0
76,60,19440,480,0
76,60,19920,120,0
67,40,20040,120,0
74,60,20160,120,0
67,35,20280,120,0
74,60,20400,120,0
67,39,20520,120,0
76,61,20640,120,0
67,38,20760,120,0
77,63,20880,120,0
62,37,21457,308,3
76,60,21120,120,0
67,38,21240,120,0
74,58,21360,120,0
67,38,21480,120,0
76,60,21600,480,0
75,23,22080,784,3
69,55,22160,80,0
71,55,22240,80,0
72,60,22320,480,0
76,55,22800,80,0
74,49,22880,80,0
72,49,22960,80,0
79,60,23040,480,0
77,52,23520,240,0
76,60,23760,480,0
76,60,24240,120,0
67,40,24360,120,0
74,98,24480,120,1
67,35,24600,120,0
74,60,24720,120,0
67,39,24840,120,0
76,61,24960,120,0
67,38,25080,120,0
74,63,25200,120,0
67,37,25320,120,0
74,60,25440,120,0
67,38,25560,120,0
72,58,25680,120,0
67,38,25800,120,0
71,63,25920,120,0
74,76,26040,20,2
71,58,26160,120,0
67,50,26280,120,0
69,57,26400,120,0
78,15,26520,661,3
67,63,26640,480,0
84,63,29040,80,0
83,57,29120,80,0
81,57,29200,80,0
79,63,29280,80,0
78,57,29360,80,0
76,56,29440,80,0
74,63,29520,120,0
81,55,29640,120,0
84,59,29760,120,0
81,52,29880,120,0
83,61,30000,120,0
79,56,30120,120,0
81,63,30240,240,0
85,19,30480,471,3
78,53,30720,48,0
79,48,30768,48,0
78,53,30816,48,0
79,48,30864,48,0
78,48,30912,48,0
71,63,30960,480,0
74,63,30960,480,0
79,63,30960,480,0
84,63,33360,80,0
83,57,33440,80,0
81,57,33520,80,0
79,63,33600,80,0
78,57,33680,80,0
76,56,33760,80,0
74,63,33840,120,0
81,55,33960,120,0
84,38,34161,120,2
81,52,34200,120,0
83,61,34320,120,0
79,56,34440,120,0
81,63,34560,240,0
79,58,34800,240,0
78,53,35040,48,0
79,48,35088,48,0
78,53,35136,48,0
79,48,35184,48,0
78,48,35232,48,0
71,63,35280,480,0
74,63,35280,480,0
79,63,35280,480,0
79,69,36000,480,0
83,61,36480,80,0
81,51,36560,80,0
79,51,36640,80,0
86,69,36720,480,0
77,52,37200,240,0
76,60,37440,120,0
67,35,37560,120,0
74,60,37680,120,0
67,39,37800,120,0
77,60,37920,120,0
67,40,38040,120,0
76,60,38160,120,0
67,35,37930,120,1
74,60,38400,120,0
67,39,38520,120,0
67,95,38214,296,4
67,38,38760,120,0
79,63,38880,120,0
67,37,39000,120,0
77,60,39120,120,0
67,38,39240,120,0
76,58,39360,120,0
67,38,39480,120,0
74,60,39600,480,0
79,69,40320,480,0
83,61,40800,80,0
81,51,40880,80,0
79,51,40960,80,0
86,69,41040,480,0
77,44,41520,240,0
75,51,41760,120,0
67,29,41880,120,0
74,51,42000,120,0
67,33,42120,120,0
77,51,42240,120,0
67,34,42360,120,0
75,51,42480,120,0
67,29,42600,120,0
74,51,42720,120,0
67,33,42840,120,0
79,51,42960,120,0
67,32,43080,517,1
79,53,43200,120,0
67,31,43320,120,0
77,51,43440,120,0
67,32,43560,120,0
75,49,43680,120,0
67,32,43800,120,0
74,51,43920,480,0
72,60,44640,480,0
76,55,45120,80,0
74,49,45200,80,0
72,49,45280,80,0
79,60,45360,480,0
77,52,45840,240,0
76,60,46080,480,0
76,60,46560,120,0
67,40,46680,120,0
74,60,46800,120,0
67,35,46920,120,0
74,60,47040,120,0
67,39,47160,120,0
76,61,47280,120,0
67,38,47400,120,0
77,63,47520,120,0
67,37,47640,663,1
76,60,47760,120,0
67,38,47880,120,0
74,58,48000,1061,1
67,38,48120,120,0
76,60,48240,480,0
77,63,50640,80,0
76,57,50720,80,0
74,57,50800,80,0
72,63,50880,80,0
71,57,50960,80,0
69,56,51040,80,0
67,63,51120,120,0
74,55,51240,120,0
77,59,51360,120,0
74,52,51480,120,0
76,25,51881,371,3
72,56,51720,120,0
74,63,51840,240,0
72,58,52080,240,0
71,53,52320,48,0
72,48,52368,48,0
71,53,52416,48,0
72,48,52464,48,0
71,48,52512,48,0
72,63,52560,480,0
77,63,54960,80,0
76,57,55040,80,0
74,57,55120,80,0
72,63,55200,80,0
71,57,55280,80,0
69,56,55360,80,0
67,63,55440,120,0
74,55,55560,120,0
77,59,55680,120,0
74,52,55800,120,0
76,61,55920,120,0
72,56,56040,120,0
74,63,56160,240,0
72,58,56400,240,0
71,53,56640,48,0
72,48,56688,48,0
71,53,56736,48,0
72,48,56784,48,0
71,48,56832,48,0
72,63,56880,480,0
79,69,57600,480,0
83,61,58080,80,0
81,51,58160,80,0
79,51,58240,80,0
86,69,58320,480,0
77,52,58800,240,0
76,60,59040,120,0
67,35,59160,120,0
74,60,59280,120,0
67,39,59400,120,0
64,60,59520,120,1
67,40,59640,120,0
76,60,59760,120,0
67,35,59880,120,0
74,60,60000,120,0
67,39,60120,120,0
79,61,60240,120,0
67,38,60360,120,0
79,63,60480,120,0
67,37,60600,120,0
77,60,60720,120,0
67,38,60840,120,0
76,58,60960,120,0
67,38,61080,120,0
74,60,61200,480,0
79,69,61920,480,0
83,61,62400,80,0
81,51,62480,80,0
79,51,62560,80,0
86,69,62640,480,0
77,44,63120,240,0
75,51,63360,120,0
67,29,63480,120,0
74,51,63600,120,0
67,33,63720,120,0
77,51,63840,120,0
67,34,63960,120,0
75,51,64080,120,0
67,29,64200,120,0
74,51,64320,120,0
67,33,64440,120,0
79,51,64560,120,0
67,32,64680,120,0
79,53,64800,120,0
67,31,64920,120,0
77,51,65040,120,0
67,32,65160,120,0
75,49,65280,120,0
67,32,65400,120,0
74,51,65520,480,0
72,60,66240,480,0
76,55,66720,80,0
74,49,66800,80,0
72,49,66880,80,0
79,60,66960,480,0
77,52,67440,240,0
76,60,67680,480,0
76,60,68160,120,0
67,40,68280,120,0
74,60,68400,120,0
67,35,68520,120,0
74,60,68640,120,0
67,39,68760,120,0
76,61,68880,120,0
67,38,69000,120,0
77,63,69120,120,0
67,37,69240,120,0
76,60,69360,120,0
67,38,69480,120,0
74,58,69600,120,0
67,38,69720,120,0
76,60,69840,480,0
77,63,72240,80,0
76,57,72320,80,0
74,57,72400,80,0
72,63,72480,80,0
71,57,72560,80,0
73,56,72640,172,2
67,63,72720,120,0
74,55,72840,120,0
77,59,72960,120,0
74,52,73080,120,0
76,61,73200,120,0
72,56,73320,120,0
74,63,73440,240,0
72,58,73680,240,0
71,53,73920,48,0
79,48,73968,544,2
71,53,74016,48,0
72,48,74064,48,0
71,48,74112,48,0
72,63,74160,480,0
77,63,76560,80,0
76,57,76640,80,0
74,94,77011,80,2
72,63,76800,80,0
71,57,76880,80,0
69,56,76960,80,0
67,63,77040,120,0
74,55,77160,120,0
77,59,77280,120,0
74,52,77400,120,0
76,61,77520,120,0
72,56,77640,120,0
74,63,77760,240,0
72,58,78000,240,0
71,22,77927,48,2
72,48,78288,48,0
71,53,78336,48,0
72,48,78384,48,0
71,48,78432,48,0
72,63,78480,480,0
60,40,0,120,0
67,32,120,120,0
64,40,240,120,0
67,32,360,120,0
60,40,480,120,0
67,33,600,120,0
59,40,720,120,0
67,32,840,120,0
62,37,960,120,0
67,33,1080,120,0
59,40,1200,120,0
67,35,1320,120,0
60,40,1440,480,0
60,36,1920,240,0
59,40,2160,480,0
60,43,2640,240,0
62,48,2880,240,0
60,45,3120,240,0
59,40,3360,240,0
60,43,3600,480,0
60,40,4320,120,0
67,32,4440,120,0
64,40,4560,120,0
67,32,4680,120,0
60,40,4800,120,0
67,33,4920,120,0
59,40,5040,120,0
67,32,5160,120,0
62,37,5280,120,0
67,33,5400,120,0
59,40,5520,120,0
67,35,5640,120,0
60,40,5760,480,0
60,36,6240,240,0
59,40,6480,480,0
60,43,6960,240,0
59,48,7200,480,0
52,40,7291,573,2
50,50,7920,480,0
38,40,8400,240,0
43,62,8640,120,0
55,48,8760,120,0
45,57,8880,120,0
57,49,9000,120,0
47,60,9120,120,0
59,50,9240,120,0
45,62,9360,120,0
57,51,9480,120,0
47,62,9600,120,0
59,52,9720,120,0
48,66,9840,120,0
60,55,9960,120,0
47,66,10080,120,0
59,55,10200,120,0
48,66,10320,120,0
60,57,10440,120,0
50,69,10560,120,0
62,62,10680,120,0
52,62,10800,480,0
64,71,10800,480,0
54,50,11520,480,0
55,46,12000,240,0
60,50,12240,240,0
62,72,12480,240,1
50,42,12720,240,0
43,62,12960,120,0
55,48,13080,120,0
45,57,13200,120,0
57,49,13320,120,0
47,60,13440,120,0
59,50,13560,120,0
45,62,13680,120,0
57,51,13800,120,0
47,62,13920,120,0
59,52,14040,120,0
48,66,14160,120,0
60,55,14280,120,0
47,66,14400,120,0
59,55,14520,120,0
42,66,14640,480,2
60,57,14760,120,0
50,69,14880,120,0
62,62,15000,120,0
52,62,15120,480,0
64,71,15120,480,0
54,50,15840,480,0
55,46,16320,240,0
60,50,16560,240,0
62,42,16800,240,0
50,42,17040,240,0
55,50,17280,240,0
50,38,17520,240,0
43,46,17760,240,0
60,40,18000,120,0
67,32,18120,120,0
64,40,18240,120,0
67,32,18360,120,0
60,40,18480,120,0
67,33,19017,249,2
59,40,18720,120,0
67,32,18840,120,0
62,37,18960,120,0
67,33,19080,120,0
59,40,19200,120,0
67,35,19320,120,0
60,40,19440,480,0
60,36,19920,240,0
59,40,20160,480,0
60,43,20640,240,0
62,48,20880,240,0
60,45,21120,240,0
59,40,21360,240,0
60,43,21600,480,0
60,40,22320,120,0
67,32,22440,120,0
64,40,22560,120,0
67,32,22680,120,0
60,40,22800,120,0
67,33,22920,120,0
59,40,23040,120,0
67,32,23160,120,0
48,12,23143,120,3
67,33,23400,120,0
59,40,23520,120,0
67,35,23640,120,0
60,40,23760,480,0
60,36,24240,240,0
59,40,24480,480,0
60,43,24960,240,0
59,48,25200,480,0
52,40,25680,240,0
50,50,25920,480,0
38,40,26400,240,0
43,62,26640,120,0
55,48,26760,120,0
45,57,26880,120,0
57,49,27000,120,0
47,60,27120,120,0
59,50,27240,120,0
45,62,27360,120,0
57,51,27480,120,0
47,62,27600,120,0
59,52,27720,120,0
48,66,27840,120,0
60,55,27960,120,0
47,66,28080,120,0
59,55,28200,120,0
48,66,28320,120,0
60,57,28440,120,0
50,69,28560,120,0
62,62,28680,120,0
52,62,28800,480,0
64,71,28800,480,0
54,50,29520,480,0
48,15,30499,240,3
60,50,30240,240,0
62,42,30480,240,0
50,42,30720,240,0
43,62,30960,120,0
55,48,31080,120,0
45,57,31200,120,0
57,49,31320,120,0
47,60,31440,120,0
59,50,31560,120,0
45,62,31680,120,0
57,51,31425,120,1
47,62,31920,120,0
59,52,32040,120,0
48,66,32160,120,0
60,55,32280,120,0
47,66,32400,120,0
59,55,32520,120,0
48,66,32640,120,0
60,57,32760,120,0
50,69,32880,120,0
62,62,33000,120,0
52,62,33120,480,0
64,71,33120,480,0
54,50,33840,480,0
55,46,34320,240,0
60,50,34560,240,0
62,42,34800,240,0
50,42,35040,240,0
55,50,35280,240,0
50,38,35520,240,0
43,46,35760,240,0
55,40,36000,120,0
62,32,36120,120,0
59,40,36240,120,0
62,32,36360,120,0
55,40,36480,120,0
62,33,36600,120,0
55,40,36720,120,0
62,32,36840,120,0
59,37,36960,120,0
62,33,37080,120,0
55,40,37200,120,0
62,35,37320,120,0
60,40,37440,240,0
59,45,37680,240,0
62,36,37920,240,0
60,40,38160,240,0
59,45,38400,240,0
64,43,38640,236,0
64,48,38880,240,0
62,45,39120,240,0
60,40,39360,240,0
55,40,39600,120,0
62,32,39720,120,0
59,40,39840,120,0
62,32,39960,120,0
55,40,40080,120,0
62,33,40200,120,0
55,40,40320,120,0
62,32,40440,120,0
59,40,40560,120,0
62,32,40680,120,0
55,40,40800,120,0
62,33,40920,120,0
55,40,41040,120,0
62,32,41160,120,0
59,37,41280,120,0
62,33,41400,120,0
55,34,41520,120,0
62,29,41640,120,0
60,34,41760,240,0
59,38,42000,240,0
62,30,42240,240,0
60,34,42480,240,0
59,38,42720,240,0
63,36,42960,235,0
63,40,43200,240,0
62,38,43440,240,0
60,34,43680,240,0
55,34,43920,120,0
62,27,44040,120,0
59,34,44160,120,0
62,27,44280,120,0
55,34,44400,120,0
62,28,44520,120,0
60,40,44640,120,0
67,32,44760,120,0
64,40,44880,120,0
67,32,45000,120,0
60,40,45120,120,0
67,33,45240,120,0
59,40,45360,120,0
67,32,45480,120,0
62,37,45600,120,0
67,33,45720,120,0
59,40,45840,120,0
67,35,45960,120,0
60,40,46080,480,0
60,36,46560,240,0
59,40,46800,480,0
60,43,47280,240,0
62,48,47520,240,0
60,40,47760,240,0
59,40,48000,240,0
48,62,48240,120,0
46,48,48360,120,1
54,57,48480,57,2
62,49,48600,120,0
52,60,48720,120,0
64,50,48840,120,0
50,62,48960,120,0
62,51,49080,120,0
52,62,49200,120,0
64,52,49320,120,0
53,66,49440,120,0
65,55,49560,120,0
52,66,49680,120,0
64,55,49800,120,0
53,66,49920,120,0
76,86,50426,120,3
55,69,50160,120,0
67,62,50280,120,0
45,62,50400,480,0
57,71,50400,480,0
59,50,51120,480,0
60,46,51600,240,0
53,50,51840,240,0
55,42,52080,240,0
43,42,52320,240,0
48,62,52560,120,0
60,48,52680,120,0
50,57,52800,120,0
62,49,52920,120,0
52,60,53040,120,0
64,50,53160,120,0
50,62,53280,120,0
62,51,53400,120,0
52,62,53520,120,0
64,18,54068,534,3
53,66,53760,120,0
65,55,53880,120,0
52,66,54000,120,0
64,55,54120,120,0
53,66,54240,120,0
65,57,54360,120,0
55,69,54480,120,0
67,62,54600,120,0
45,62,54720,480,0
57,71,54720,480,0
59,50,55440,480,0
60,46,55920,240,0
53,50,56160,240,0
55,42,56400,240,0
43,42,56640,240,0
48,50,56880,240,0
36,38,57120,240,0
55,40,57600,120,0
62,32,57720,120,0
59,40,57840,120,0
62,32,57960,120,0
55,40,58080,120,0
62,33,58200,120,0
55,40,58320,120,0
62,32,58440,120,0
59,37,58560,120,0
62,33,58680,120,0
55,40,58800,120,0
62,35,58920,120,0
60,40,59124,240,1
59,45,59280,240,0
62,36,59520,240,0
60,40,59760,240,0
59,45,60000,240,0
64,43,60240,236,0
64,48,60480,240,0
62,45,60720,240,0
60,40,60960,240,0
55,40,61200,120,0
62,32,61320,120,0
59,40,61440,120,0
62,32,61560,120,0
55,40,61680,120,0
62,33,61800,120,0
55,40,61920,120,0
62,32,62040,120,0
59,40,62160,120,0
62,32,62280,120,0
55,40,62400,120,0
62,33,62520,120,0
55,40,63140,778,2
62,32,62760,120,0
59,37,62880,120,0
62,33,63000,120,0
55,34,63120,120,0
62,29,63240,120,0
60,34,63360,240,0
59,38,63600,240,0
62,30,63840,240,0
60,34,64080,240,0
59,38,64320,240,0
63,36,64560,235,0
63,40,64800,240,0
62,38,65040,240,0
60,34,65280,240,0
55,34,65520,120,0
62,27,65640,120,0
59,34,65760,120,0
62,27,65880,120,0
55,34,66000,120,0
62,28,66120,120,0
60,40,66240,120,0
67,32,66360,120,0
64,40,66480,120,0
67,32,66600,120,0
60,40,66720,120,0
67,33,66840,120,0
59,40,66960,120,0
67,32,67080,120,0
62,37,67200,120,0
67,33,67320,120,0
59,40,67440,120,0
67,35,67560,120,0
60,40,67680,480,0
60,36,68160,240,0
59,40,68400,480,0
60,43,68880,240,0
62,8,69120,1123,2
60,40,69360,240,0
59,40,69600,240,0
48,62,69840,120,0
60,48,69960,120,0
50,57,70080,120,0
62,49,70200,120,0
52,60,70320,120,0
64,50,70440,120,0
50,62,70560,120,0
63,51,70680,120,1
52,62,70800,120,0
64,52,70920,120,0
53,66,71040,120,0
65,55,71160,120,0
52,66,71280,120,0
64,55,71400,120,0
53,66,71520,120,0
65,57,71640,120,0
55,69,71760,120,0
67,62,71880,120,0
45,62,72000,480,0
57,71,72000,480,0
59,50,72720,480,0
60,46,73200,240,0
57,50,72953,240,2
55,42,73680,240,0
43,42,73920,240,0
48,62,74160,120,0
60,48,74280,120,0
50,57,74400,120,0
62,49,74520,120,0
52,60,74640,120,0
64,50,74760,120,0
50,62,74880,120,0
62,51,75000,120,0
52,62,75120,120,0
64,52,75240,120,0
53,66,75360,120,0
65,55,75480,120,0
65,66,75600,220,2
64,55,75720,120,0
53,66,75840,120,0
65,57,75960,120,0
55,69,76080,120,0
67,62,76200,120,0
45,62,76320,480,0
57,71,76320,480,0
59,50,77040,480,0
60,46,77520,240,0
53,50,77760,240,0
55,42,78000,240,0
43,42,78240,240,0
48,50,78480,240,0
36,38,78720,663,1
