note,velocity,position,duration,anomalies
73,50,0,360,0
74,76,731,120,2
86,43,480,240,1
64,79,720,1169,3
76,11,1049,1028,3
66,25,1440,554,3
73,83,1571,273,3
71,45,1920,342,1
74,17,2397,838,3
74,83,2640,1017,2
69,53,2880,480,0
73,72,2949,1133,4
71,86,3939,1042,3
71,86,3662,240,2
73,32,4110,1083,3
71,35,4956,771,2
85,49,4800,676,2
74,47,5231,454,2
64,53,5438,480,2
69,45,5040,480,0
71,49,5520,410,1
81,66,5520,625,3
73,50,6120,282,2
81,80,6120,120,2
71,83,5820,401,4
72,86,6480,1300,3
76,42,6960,216,0
71,15,7504,587,3
73,45,7716,120,1
71,45,7323,649,2
68,85,8271,480,3
74,73,8611,486,3
69,35,8857,683,3
71,26,8955,511,3
63,30,9164,480,3
71,85,10243,240,2
74,98,9840,406,2
66,19,9840,240,1
63,87,10080,480,2
78,81,10556,480,3
69,47,9694,480,1
68,34,10560,240,0
62,12,10560,240,1
71,62,11011,881,3
64,34,10328,240,1
69,38,10800,480,0
64,32,10800,480,0
50,57,11077,480,3
65,4,11155,730,4
72,36,11530,120,2
73,36,12000,240,0
76,15,12240,480,1
78,35,13161,551,3
70,10,12960,360,2
69,10,13126,120,3
63,63,12980,240,3
61,70,13861,480,3
86,38,14218,435,3
59,83,14400,1279,3
69,0,14499,307,3
61,42,15216,1293,3
80,39,15600,451,2
73,45,15340,1405,2
71,5,16320,813,2
76,19,16320,21,2
74,17,16440,120,1
83,71,16560,480,2
77,38,16560,480,1
68,41,17040,216,1
68,34,17040,216,0
73,85,17644,360,2
74,80,17640,704,2
64,43,17760,584,2
76,48,18000,480,0
72,19,18124,216,3
71,50,18720,571,1
83,45,19130,897,3
71,5,19284,240,2
74,49,19919,752,2
61,45,19920,216,1
67,55,20160,865,2
71,31,20446,240,2
73,68,20880,480,0
66,56,21360,240,0
74,67,20899,983,2
75,56,21613,885,3
61,87,21600,1009,3
76,77,21600,1066,3
80,69,21232,1471,4
64,11,22080,240,1
68,64,21599,240,2
62,59,22080,1177,2
83,40,22392,759,3
69,14,22451,973,3
71,32,22149,1334,3
61,53,22320,480,1
76,50,22925,360,1
78,45,23400,120,0
76,76,23693,810,3
78,53,23699,1274,2
78,42,24476,150,1
78,49,24487,383,2
87,53,24450,30,1
81,80,24180,648,3
73,75,24840,120,2
78,16,24960,635,2
78,53,25200,240,0
77,45,25440,240,1
62,11,25588,887,4
76,59,25920,345,1
73,73,26160,240,1
69,73,26400,270,2
87,21,26640,462,3
74,78,27068,1047,3
71,73,26831,60,2
73,42,27360,240,2
73,51,27600,240,0
57,45,27840,220,1
74,44,28080,480,1
73,44,28080,480,0
64,37,28763,216,2
71,77,28560,216,1
73,50,28800,360,0
81,43,29160,120,1
72,43,29216,240,2
74,72,29337,1035,4
76,5,29550,1036,3
60,50,30507,1254,3
73,45,30769,120,1
71,11,30823,1163,3
74,29,30498,975,3
74,45,31519,948,2
69,55,31680,480,0
63,84,31756,856,4
86,44,32400,1298,3
83,56,32880,394,2
66,94,32657,240,2
83,33,32634,240,3
64,47,33120,480,0
71,56,33120,1431,2
69,9,33412,1247,3
68,11,33600,240,1
71,50,33600,421,1
64,74,34042,292,3
80,47,33840,480,1
64,40,33654,720,1
68,40,33510,880,2
73,47,33985,795,2
83,47,34256,240,2
83,38,34560,986,3
65,86,34560,480,2
57,63,34427,1098,3
74,75,35040,240,0
68,63,35295,240,1
64,36,35040,509,2
64,47,35354,843,3
80,50,35002,480,3
69,108,35280,480,1
78,56,35760,120,0
80,17,36249,60,2
77,10,35940,485,3
69,53,36000,480,0
68,34,36480,1137,1
73,2,36751,474,3
71,68,36600,120,1
69,11,36720,637,2
76,17,37848,360,2
78,78,37994,266,3
78,85,37920,240,2
85,13,38037,1465,4
74,42,38174,150,2
89,81,38396,30,3
81,53,38850,30,1
81,57,38880,267,1
80,47,39240,120,0
78,82,39548,1098,3
78,53,39278,157,2
89,10,39840,1113,3
76,42,40080,570,1
76,59,40320,240,0
71,26,40778,482,4
69,18,40800,60,1
70,88,40806,801,4
74,91,41280,554,2
79,48,41367,60,2
76,25,42023,240,2
59,51,42000,240,1
78,45,42472,220,2
71,44,42480,480,1
67,44,42480,480,1
71,15,43328,1118,3
68,72,42722,216,2
83,42,43415,360,2
61,60,43560,120,2
78,9,43312,989,4
76,40,43642,480,1
74,60,44134,340,4
81,80,44640,1125,3
73,38,45000,120,0
74,38,45272,240,2
82,66,45069,480,3
74,60,46053,896,3
63,15,46080,480,2
72,63,47020,1054,3
60,107,46553,1216,4
74,100,46977,240,2
71,16,47730,240,2
66,56,47280,240,0
69,54,47022,925,2
73,64,47520,480,0
64,54,47520,480,0
68,48,48000,240,0
60,48,48000,240,1
64,27,48000,240,2
71,94,47790,585,3
66,13,48240,573,3
64,67,48240,720,1
63,30,48720,240,2
69,91,48550,1029,3
69,63,49056,480,2
73,75,48960,819,1
71,63,48960,480,1
74,52,49440,455,2
64,63,49440,240,0
78,39,49023,1040,4
64,68,49536,1104,2
66,95,49238,480,3
76,80,49509,1178,2
70,82,50280,120,3
85,44,50693,241,3
81,82,50340,60,1
69,28,50400,480,1
68,62,51045,890,3
73,64,51191,120,2
71,59,51000,1006,2
66,35,51120,1291,2
72,18,53153,602,3
73,15,53400,424,2
73,45,53640,120,0
72,45,53643,987,2
73,46,53880,120,0
75,50,53727,975,2
69,16,53883,895,4
83,47,54010,863,3
78,50,54059,120,1
76,48,54600,511,1
76,50,54720,120,0
82,47,54893,96,2
69,48,54925,120,2
70,75,55200,120,1
71,22,55025,703,3
73,51,55440,999,1
74,48,55560,975,1
74,71,55800,1120,2
76,52,55920,120,0
74,50,56040,90,0
74,53,56095,729,2
69,47,56280,96,0
60,51,56945,1043,3
68,52,56331,120,1
57,28,56434,861,4
63,79,56880,120,2
71,81,57000,96,1
71,52,57240,120,0
81,15,56963,263,4
71,52,57480,120,0
72,61,57600,894,1
73,93,57621,120,2
78,62,57566,120,2
73,54,58366,120,1
76,62,58080,120,0
74,13,57851,851,3
73,96,58158,969,3
71,58,57960,120,1
69,61,58560,120,0
68,64,59161,120,1
76,66,59182,120,2
64,69,58920,120,0
73,51,59040,480,1
69,64,59040,616,1
64,85,59040,480,1
74,77,59784,240,1
71,64,59520,240,0
72,82,59654,1139,3
72,90,59760,1097,2
84,66,60101,240,2
80,50,59546,240,3
72,114,60220,995,4
69,31,60007,1061,3
55,69,60480,240,1
71,42,60376,481,3
82,102,60480,240,2
71,40,60720,240,1
64,64,60720,804,1
59,64,60720,777,2
66,68,60960,622,2
73,56,60960,1014,2
74,68,61062,338,3
70,39,61200,1017,2
73,82,61200,240,0
64,69,61200,480,0
69,68,61440,240,1
74,80,61440,240,0
57,59,61800,656,2
71,106,61800,942,2
72,109,61735,1074,4
71,91,62594,120,3
72,38,61942,40,3
85,68,62064,40,2
67,32,62480,40,2
57,104,62520,318,3
76,107,62867,198,4
73,103,62640,53,2
79,70,62880,120,1
71,62,63216,933,2
57,91,63487,396,4
74,73,63120,240,0
69,64,63360,240,0
64,64,62883,1174,2
73,46,63841,240,2
69,62,63600,240,0
76,74,63714,240,2
53,62,63694,668,3
66,72,63964,426,3
62,32,63840,240,1
68,61,63840,240,0
64,61,63840,383,1
69,76,64080,240,0
60,64,64534,240,2
64,64,64080,240,0
72,50,64800,120,0
73,46,65292,96,1
73,45,65160,120,0
72,66,65632,475,3
73,46,65400,120,0
75,80,65520,120,1
76,7,65916,96,2
76,8,66021,120,2
78,50,66000,1043,1
76,48,66120,120,0
76,50,66240,120,0
71,79,66360,96,1
71,79,66600,120,1
57,29,66408,1085,4
58,83,66840,350,3
75,51,67381,815,3
71,24,67080,314,3
74,49,67761,120,1
80,52,67440,471,2
74,21,67560,348,2
65,24,67401,120,3
69,10,67576,517,3
68,51,67711,221,3
74,52,68160,120,1
69,52,68280,313,1
70,57,68400,120,0
80,50,68965,14,3
71,22,68565,120,2
83,52,68880,698,2
65,29,69000,890,3
70,61,69189,120,2
73,56,68876,899,2
76,96,69853,938,4
87,54,69480,120,1
62,23,69600,120,2
74,27,69720,784,2
80,56,69840,256,2
71,24,69960,846,2
69,61,70080,120,0
68,64,70081,120,1
66,27,69936,552,3
64,42,70440,120,1
64,87,70122,480,2
73,77,70560,480,0
60,91,70180,480,3
71,64,70897,714,2
74,54,71040,240,1
83,82,71280,889,2
72,69,71280,1207,1
73,66,71520,240,0
71,48,71520,902,3
69,64,71880,1103,1
73,54,72046,120,2
68,69,72000,240,0
71,110,71925,997,3
72,106,71765,417,4
85,41,72676,428,4
74,64,72240,240,1
68,104,72727,554,3
64,68,72693,606,2
55,32,72480,1121,3
73,80,72480,240,0
53,97,72312,532,4
73,47,72720,240,1
67,39,72720,240,2
74,59,72727,240,2
71,68,72960,240,0
77,59,73116,610,3
71,70,73136,1066,2
69,111,73145,706,3
77,36,74017,782,4
71,43,73920,40,1
73,68,74243,40,1
71,108,74000,40,1
69,36,74040,60,1
61,47,74100,60,2
73,57,74411,120,2
73,70,74400,120,0
74,73,74640,240,0
71,62,74640,240,0
77,62,74187,814,3
73,43,74880,704,2
77,64,74983,986,3
63,25,74880,936,3
64,62,75120,371,1
59,50,75120,240,2
69,62,75263,240,1
62,61,75360,240,0
64,101,75360,240,1
69,61,75531,240,2
80,34,75360,823,3
62,84,75477,1240,4
76,64,75108,240,2
67,113,75242,240,3
75,50,76320,120,0
76,46,76440,96,0
73,10,76680,120,2
74,16,77214,944,4
87,46,76920,120,1
83,14,77040,533,3
90,67,77160,96,2
90,79,77262,120,3
77,50,77115,21,2
84,28,77640,120,2
78,23,77502,500,4
81,47,77880,96,0
79,31,78000,590,2
93,48,78120,96,1
77,27,78240,41,2
78,19,78360,354,2
75,81,78480,1023,2
84,71,78401,543,4
83,55,78840,446,2
76,57,78624,550,2
72,58,79080,491,2
81,72,79476,120,2
73,64,79320,120,0
69,59,79440,834,1
76,86,79453,108,2
75,59,79844,108,2
76,61,79800,108,0
86,48,79568,361,4
74,42,80120,120,2
79,58,80160,1085,2
90,59,80401,262,3
76,37,80400,108,1
76,64,80520,790,1
76,69,80640,120,0
71,34,80760,454,3
69,87,81174,806,3
81,84,81353,120,3
73,51,80874,1026,2
67,49,81048,266,3
73,20,81470,927,3
69,43,81056,1244,2
78,70,81840,240,2
75,0,81840,459,3
63,50,82080,120,1
73,46,81954,660,2
73,84,82024,120,2
80,45,82782,987,3
73,46,82332,120,1
75,72,82800,909,2
65,46,82701,96,2
76,78,83160,70,2
78,83,83280,120,1
89,23,83456,990,4
76,50,83520,1016,1
71,47,83640,249,1
71,23,84009,421,3
68,49,84000,288,2
71,15,84120,709,2
60,51,84240,290,2
63,48,83967,96,2
74,71,84375,120,2
76,52,84720,893,1
74,71,85279,90,2
74,53,84960,543,1
69,47,85080,96,0
69,11,85748,1069,3
68,52,85440,503,2
81,16,85409,955,4
74,57,85680,120,0
73,50,85800,96,0
66,20,85793,319,4
76,57,86160,120,0
73,54,86280,1013,2
64,88,86400,707,3
73,54,86520,96,0
73,55,86531,997,2
74,59,86880,729,1
71,91,86716,120,2
71,60,87120,716,1
67,48,87337,480,2
59,59,87480,489,2
82,77,87507,240,3
74,64,87826,1223,3
73,36,87682,385,3
69,64,87840,1020,1
64,64,88285,941,2
66,76,88330,790,3
58,64,87688,256,3
64,64,88080,180,0
64,60,88320,503,1
68,71,88320,180,1
55,31,87905,180,3
64,63,88560,905,1
65,63,88120,102,3
76,41,88667,800,3
74,93,89206,180,3
69,57,89261,180,1
91,72,89040,660,2
69,40,89040,120,1
80,68,88838,60,1
69,47,89026,60,3
68,76,89359,240,2
58,64,88820,653,3
64,64,89167,240,1
64,62,89896,1146,2
61,62,89646,318,2
80,74,89520,937,2
64,83,90161,240,2
61,22,89760,822,3
71,40,89760,240,1
66,81,89296,240,3
75,90,89513,923,4
69,76,90000,240,0
51,64,90000,240,1
75,50,90720,120,0
87,83,90840,96,2
76,45,90709,501,2
79,14,91200,186,3
76,19,91173,120,2
67,20,91860,1065,4
68,19,91090,96,3
78,47,91712,120,1
82,50,91450,32,3
78,70,92380,557,3
68,55,92160,284,2
81,76,92280,96,1
79,76,92400,938,2
80,85,92799,485,3
77,55,92640,120,0
78,85,92760,351,2
75,55,92880,120,0
76,46,93065,96,1
76,55,93240,311,1
76,57,93360,108,0
76,58,93628,403,2
81,98,93600,65,3
67,64,93720,248,2
69,59,93426,120,1
76,37,93792,514,3
76,59,94080,108,0
68,61,93831,736,3
89,70,94718,496,3
74,36,94440,120,1
68,29,94931,433,3
76,22,95175,678,3
76,62,94852,198,2
76,64,94657,108,1
62,49,95256,322,4
81,27,95160,625,3
69,84,95387,912,3
76,31,95400,120,1
80,29,95928,120,3
69,49,95437,678,2
70,76,95760,605,3
69,75,95760,480,1
71,68,95871,240,2
68,39,96240,240,0
66,25,96210,392,4
73,17,96600,96,1
73,45,96840,496,1
73,45,96960,120,1
62,46,97537,120,2
64,50,97200,120,1
71,46,97807,863,3
76,47,97560,120,0
83,50,98046,1009,3
76,48,97800,90,0
76,50,97920,120,0
71,80,98040,733,2
71,70,98148,120,2
63,16,98505,120,3
71,18,98436,1100,3
85,51,98449,120,2
83,9,98866,740,4
83,49,99000,120,1
76,92,99537,120,2
74,50,99240,90,0
74,15,99360,1054,2
69,47,99480,96,0
56,51,99720,315,2
73,52,99840,120,0
69,52,99960,120,1
74,82,100237,120,2
76,21,100200,990,3
82,52,100339,31,3
76,57,100560,120,0
72,54,100680,826,2
82,90,100885,984,4
73,54,100623,96,1
73,55,101059,743,2
77,59,101047,120,2
71,54,101833,974,2
61,60,101240,758,3
68,48,101520,480,0
72,95,101735,472,3
81,51,102209,998,3
73,64,102000,240,0
73,111,102240,180,1
67,64,102240,180,1
69,89,102240,96,2
69,31,102784,982,3
64,39,102480,1106,2
78,114,102273,180,3
80,46,102354,180,3
64,39,102374,1042,3
69,82,103020,180,3
69,63,102960,1097,1
84,75,102731,616,3
64,63,102960,511,1
66,68,103200,180,1
68,22,103200,180,2
86,43,103440,120,2
56,61,103440,120,1
80,68,103687,60,1
81,41,103620,995,2
68,76,103680,1067,2
77,64,103680,240,1
55,96,103256,240,3
64,31,103610,240,2
69,42,103920,240,1
68,62,103920,948,2
64,61,104571,240,1
71,72,104488,915,2
79,100,104160,240,2
62,61,103929,240,1
65,36,104648,436,4
64,39,104555,240,2
61,64,104008,455,2
73,53,106560,60,0
73,49,107264,60,1
74,49,107040,40,0
76,47,107405,40,1
74,47,107120,40,0
59,49,107160,481,2
68,49,107157,60,2
76,53,107280,240,0
78,31,108109,66,2
76,52,107820,66,0
60,51,107758,66,2
73,49,107940,999,1
71,53,108000,60,0
71,70,108240,60,1
73,49,108480,40,0
74,9,108520,40,1
65,47,108560,406,2
63,22,108600,760,3
81,79,108906,276,4
74,53,108720,784,1
84,53,109200,268,2
74,24,109260,578,2
60,51,109320,66,1
62,80,109380,66,2
83,53,109440,914,2
69,49,109764,179,2
69,49,110297,404,2
71,81,109960,711,2
71,47,110000,40,1
68,11,110112,60,2
69,49,110100,649,1
65,53,110160,60,1
71,49,110400,60,0
71,74,110800,1011,3
73,81,110923,271,3
71,47,110720,421,1
69,49,110760,60,0
77,49,111066,60,2
73,58,111367,665,2
73,54,111120,60,0
71,82,111360,240,1
76,22,111360,723,2
74,90,111420,755,2
69,55,111600,480,0
73,76,111397,741,3
71,53,112080,240,0
68,53,112080,240,0
60,114,112320,716,3
59,53,112682,96,2
64,53,112480,206,1
73,33,112345,969,3
72,53,112640,996,2
64,53,113214,479,2
74,71,112800,96,0
67,21,112880,653,3
64,53,112491,864,2
70,70,113040,96,1
73,22,113120,96,1
61,32,113132,80,3
76,95,113280,763,2
79,53,113269,905,3
53,15,113440,80,2
78,68,113863,60,1
76,104,113580,636,2
74,93,114069,60,2
73,92,113854,60,2
71,114,114152,812,3
80,53,114031,96,2
64,14,113506,80,2
64,109,114000,96,2
68,23,114309,246,3
64,53,114551,80,1
79,71,114144,96,2
75,20,114320,572,3
64,28,114128,80,2
85,35,114480,96,2
71,53,114560,96,0
57,87,114640,532,3
74,36,114408,96,2
71,82,114800,96,1
64,75,114880,834,2
76,106,114960,129,2
63,32,115020,602,3
71,64,114856,649,3
64,62,115242,60,2
69,74,115200,96,0
70,53,115280,163,2
61,20,115860,80,2
60,72,115440,96,1
64,27,115520,1034,2
61,53,115600,80,0
79,71,115680,441,2
64,53,115760,96,0
62,26,115539,80,2
73,94,115920,96,1
69,17,116000,829,2
63,53,115615,80,2
84,72,116160,594,2
71,32,116240,96,2
64,53,116320,678,1
82,98,116400,995,3
71,22,116962,96,2
66,91,116689,1014,3
73,74,116267,586,2
69,21,116288,1067,3
59,53,116439,430,3
61,105,116880,1030,3
69,53,116960,96,0
67,81,117148,80,3
71,71,116795,193,2
69,53,117200,96,1
62,53,117280,80,0
69,74,117360,96,0
53,30,117440,96,2
61,53,117520,96,0
51,94,117600,120,2
77,53,118191,60,2
73,74,118144,499,3
74,71,118179,0,3
76,47,118600,40,0
74,47,118211,148,2
78,49,118680,870,2
62,49,118740,60,1
69,85,118800,240,2
81,53,118949,66,2
69,27,119100,66,3
74,51,119400,66,0
81,49,119460,876,2
71,53,119520,60,0
69,49,119660,60,2
75,87,120000,326,3
74,76,120040,40,1
73,47,120525,1033,2
80,10,120120,60,2
73,49,120180,60,0
74,53,120053,900,2
79,14,120954,66,3
74,82,120780,66,1
73,51,121266,66,1
71,49,120900,66,0
70,53,120853,362,3
69,49,121200,60,0
73,84,121440,40,2
71,47,121671,40,1
69,78,121520,40,1
68,49,121639,944,2
69,49,121620,736,1
71,53,121292,60,1
71,49,121920,60,0
71,49,122490,40,1
61,47,122124,0,3
71,47,122240,820,1
69,49,121850,60,1
71,49,122340,60,0
73,27,122748,60,2
73,15,122708,60,2
70,31,122880,504,3
76,61,122880,60,0
84,51,122685,461,3
70,23,123322,480,3
73,55,123120,1168,1
84,81,123751,240,3
68,21,123600,848,2
73,74,123551,621,2
71,82,123450,96,3
64,83,124000,80,1
84,45,124467,477,4
69,53,124160,96,0
64,53,124240,80,0
63,44,124056,96,3
71,53,124400,96,0
64,53,124660,0,2
69,43,124560,96,2
73,30,124640,96,1
65,82,124655,931,4
89,71,124558,96,2
73,53,124880,96,0
64,53,124960,80,0
78,68,125145,60,1
76,66,125100,469,1
74,64,125160,60,0
62,42,125220,60,2
71,49,125280,96,1
64,53,125542,1012,3
64,53,125440,80,0
70,99,125520,597,3
63,82,125183,96,3
64,32,125465,693,3
73,109,125995,96,2
55,53,125736,96,2
57,53,125920,80,1
74,104,125598,619,3
57,53,126080,670,2
64,53,126312,436,2
74,107,126240,372,2
82,53,126619,347,3
64,53,126400,80,0
76,30,126629,60,2
64,66,126540,174,2
70,64,126600,898,2
71,91,127112,990,3
83,74,126720,96,1
64,53,126800,944,1
66,53,127034,987,3
73,72,126960,812,2
56,76,127040,439,3
61,84,127120,604,2
78,92,126778,96,3
64,53,126822,96,1
54,23,126907,80,3
86,74,127440,616,2
77,53,127668,96,2
64,87,127600,80,1
73,41,127680,226,2
73,29,127760,784,3
64,86,127840,596,2
82,71,128251,96,2
79,74,128000,236,3
54,79,128080,596,3
73,74,128160,203,1
58,53,127963,834,3
50,53,128320,80,1
73,43,128719,784,3
69,53,128480,96,0
75,53,128560,80,1
74,71,128640,379,2
68,89,128468,96,2
52,53,128389,24,3
73,47,129055,888,4
64,53,128960,96,0
61,53,129040,194,1
57,97,129521,997,3
80,50,129757,60,2
87,48,129778,517,3
76,50,130080,60,0
78,50,130320,120,0
78,50,130800,20,0
74,44,130914,20,2
91,68,131046,882,4
76,19,130719,60,2
78,49,130920,60,0
93,26,130760,60,3
81,33,131040,120,1
80,92,131649,60,2
72,30,131793,60,3
84,50,131760,182,2
74,50,132449,818,3
60,14,132321,20,3
73,13,132434,20,2
57,77,132300,60,2
73,91,132694,60,2
80,81,132420,320,3
76,83,132564,803,3
80,58,132452,60,2
69,58,132995,334,2
69,39,132715,349,4
74,59,133440,60,0
71,66,133518,60,1
76,94,133870,1227,3
85,92,134160,240,2
73,30,134400,60,2
73,50,134640,867,1
68,25,134640,1005,3
58,7,135120,240,2
68,69,134884,240,2
73,15,135734,377,3
74,9,135980,826,4
74,49,135840,40,0
76,47,135880,40,0
74,47,136285,828,2
73,49,136206,753,2
72,49,136020,60,1
76,28,136080,240,1
76,53,136490,66,2
76,52,136620,66,0
74,51,136680,66,0
73,85,136306,891,3
71,28,136800,60,1
71,49,136780,444,2
76,49,137280,40,1
74,12,137320,40,1
79,10,137360,40,2
69,49,137400,170,2
73,49,137460,844,1
74,53,137520,240,0
76,53,138000,66,0
66,52,138060,327,2
70,51,138120,66,1
71,49,138180,450,1
66,53,138240,60,1
69,19,138087,130,3
71,82,138720,906,2
79,85,138286,173,4
83,47,138800,685,2
69,26,138840,60,1
79,72,139048,887,4
82,53,139169,60,2
65,49,139081,481,3
74,49,139440,40,0
76,77,139480,40,1
74,47,139520,40,0
62,84,139060,60,3
66,49,139310,60,2
70,53,139680,419,2
73,29,139517,987,3
71,49,140160,40,0
65,47,140640,40,2
73,47,140240,284,2
76,17,139872,700,4
74,26,140021,751,4
71,75,140635,148,3
68,45,140215,480,1
72,55,140640,240,0
82,74,140880,813,3
73,28,141010,240,2
65,104,141120,614,3
69,53,141200,335,1
58,78,141280,0,3
87,72,141262,96,2
72,85,141440,187,3
64,23,141318,80,2
74,71,141600,754,1
68,53,141680,96,0
53,85,142114,80,3
73,74,142002,0,3
73,26,142190,596,3
82,53,142264,80,2
76,105,142080,834,2
68,53,142160,96,1
69,73,141907,899,3
78,39,141910,96,2
71,53,142511,96,1
69,29,142352,80,2
73,96,142560,96,1
69,88,142640,96,1
64,53,142720,80,0
73,72,143128,232,2
80,92,142972,671,4
63,78,142960,318,3
65,71,143148,96,2
68,53,142940,96,1
62,53,143364,80,1
74,39,143280,431,3
64,53,142895,96,1
69,75,143638,653,4
64,72,143794,695,3
76,20,144000,60,1
74,78,143892,60,2
76,19,144733,924,3
87,50,144720,120,1
78,50,145200,20,0
80,66,145220,385,2
82,8,145240,173,3
87,80,145260,60,2
77,49,145320,891,2
67,49,145751,958,3
71,56,145823,1095,3
70,80,145287,60,3
78,50,146246,478,2
76,50,146160,120,0
73,11,146640,709,2
74,44,146442,148,2
67,44,146680,20,1
71,81,146700,184,2
73,81,146571,0,3
74,55,146820,60,0
76,60,146806,1067,2
73,97,147120,897,2
69,58,147540,60,0
76,65,147600,240,0
74,35,147398,60,2
71,66,148260,60,0
76,73,148320,240,0
73,104,148444,240,2
70,50,148579,60,2
69,50,149040,480,0
73,50,148598,480,1
75,46,149520,240,1
70,46,149520,240,1
73,53,149760,655,1
73,15,150267,60,2
74,85,150240,415,2
76,69,150035,890,3
73,47,150092,755,3
80,88,150360,835,3
76,49,150743,0,3
76,13,150480,1038,2
86,53,150960,66,1
65,52,151020,620,2
74,79,150750,233,3
73,49,151140,631,1
71,84,151200,60,1
71,87,151440,978,2
78,49,151680,761,2
78,13,151720,1024,3
73,47,151760,40,0
71,49,151800,60,0
70,49,152110,60,2
68,53,151920,416,2
62,31,152005,143,4
74,52,152460,66,0
70,51,152387,787,3
71,25,152402,66,2
83,53,153040,60,2
62,49,152880,470,2
71,49,153120,40,0
73,47,153602,40,1
62,47,153200,970,2
69,80,152849,60,2
57,21,153300,594,3
87,17,153360,347,3
73,49,153600,362,1
74,49,153840,40,0
76,71,153880,40,1
74,25,153920,970,2
68,49,153960,597,2
65,69,154020,60,2
65,33,153724,222,4
73,49,154683,390,2
71,22,154937,40,2
81,11,154885,40,3
59,47,154640,430,2
69,19,154782,633,3
71,25,154740,60,1
83,53,154698,240,2
68,45,154800,1062,1
72,25,155040,1076,2
73,76,155662,240,2
69,47,154986,240,1
73,47,155520,749,2
69,15,155285,212,3
64,53,155900,216,2
73,72,155760,406,1
60,53,155472,96,2
64,53,155920,881,1
74,71,156000,96,0
64,33,156269,96,3
52,79,156160,80,2
76,74,156000,810,2
87,79,156320,96,2
65,24,156400,794,3
76,72,156480,966,1
73,77,156560,96,1
69,53,156640,80,0
78,44,156720,96,1
61,53,157078,925,3
69,16,156735,80,2
70,74,156704,96,2
69,28,157469,576,3
71,53,157356,80,2
73,72,157200,96,0
58,53,157280,96,1
64,17,157360,693,2
71,71,157440,164,1
68,53,157413,96,1
70,53,157873,867,3
69,74,157680,96,0
57,53,157760,582,2
61,53,157691,96,1
54,72,157814,120,2
59,30,159840,234,3
71,47,160092,946,2
60,50,160080,120,1
71,46,160200,962,1
72,70,160390,740,3
74,48,160440,477,1
76,17,160560,120,1
75,46,160192,120,1
80,24,160800,120,2
83,19,160920,120,2
78,14,161040,749,3
77,48,160783,991,3
71,50,161280,120,0
76,84,161499,197,4
66,50,161520,120,1
69,46,161640,975,1
71,22,161610,950,3
72,48,161880,427,1
62,15,162060,120,3
73,46,162120,120,0
87,54,162395,395,3
83,52,162360,905,2
63,51,162863,120,2
69,49,162600,968,2
69,50,163056,1072,2
76,47,162840,120,0
75,50,162960,120,0
82,71,163154,341,4
62,19,163200,446,3
69,82,163320,120,1
72,30,163124,644,4
76,46,163419,1044,2
80,92,163680,120,2
76,53,163800,120,0
82,90,163920,120,2
71,48,164040,115,0
60,50,164160,1092,2
82,47,164280,567,2
68,50,164400,120,0
83,46,164281,780,3
71,26,164962,195,3
81,48,164760,699,2
68,7,164598,774,4
69,41,164880,1114,1
66,41,165360,1048,2
71,41,165360,240,0
70,88,165600,120,2
74,44,165600,855,2
75,40,165931,308,3
89,48,165856,518,3
69,46,165840,592,1
81,21,165840,416,2
73,7,165960,395,3
83,52,165960,120,0
84,84,165947,120,3
84,55,166080,120,0
86,28,166200,120,1
74,43,166200,120,0
80,53,166722,813,3
88,63,166735,120,1
88,78,166191,120,3
75,43,166440,451,1
77,53,166560,120,0
89,63,166560,399,1
99,60,166680,120,1
65,27,166618,586,4
98,40,166800,120,2
74,85,166800,120,1
59,48,167125,663,3
84,57,166869,225,2
94,66,167040,120,1
60,90,167201,631,4
81,58,167160,502,1
58,15,166785,120,3
55,54,167280,120,1
67,64,167176,120,2
81,32,167089,120,2
69,22,167400,654,2
83,29,167749,964,3
71,18,167969,244,3
84,97,167640,1052,2
67,25,167640,1091,3
74,20,167930,120,2
86,66,167760,120,0
85,60,168066,855,2
75,45,167880,643,2
76,20,168000,120,1
88,71,168231,120,1
78,91,168120,535,3
65,20,168120,846,3
84,34,168240,597,2
63,87,168240,120,2
83,87,168360,120,1
78,52,168360,120,1
61,35,168480,120,2
81,65,168480,120,0
68,51,168600,889,1
77,38,168600,939,3
84,86,168568,120,3
73,81,168720,120,2
95,60,168840,120,1
72,83,169196,258,3
71,53,169020,120,1
83,32,168567,120,2
86,63,169180,903,2
72,92,169080,220,3
72,28,169200,241,2
86,66,169519,120,2
86,89,169593,528,4
66,51,169101,120,2
72,60,169440,120,0
97,71,169894,982,3
91,90,169831,120,3
80,19,169171,1108,4
88,30,169920,465,4
86,65,169680,953,1
84,39,169586,936,4
63,55,169529,56,3
77,93,169920,617,3
76,84,169920,438,2
100,21,169552,870,4
75,50,170102,120,1
76,56,170160,53,1
88,38,170418,565,3
79,60,170604,120,2
52,20,170713,120,3
66,30,170400,120,1
88,63,170400,120,1
80,90,170470,120,2
68,53,170642,385,2
69,53,170233,480,1
81,96,170640,480,1
77,50,171741,976,3
71,47,171480,120,0
68,50,171185,803,3
71,46,171654,120,1
67,47,171683,120,2
81,48,171960,1049,2
81,22,172080,789,3
75,46,172200,628,1
77,87,172320,120,1
76,53,172440,120,0
74,87,172856,120,2
72,48,172487,274,2
57,16,172800,120,2
69,47,172557,304,2
74,71,173225,204,4
69,46,172737,39,2
71,79,173280,120,1
83,72,173211,120,3
74,86,173520,569,2
73,46,173640,525,1
76,54,173760,120,0
77,31,173880,781,3
72,51,174000,120,0
71,75,174525,195,3
66,29,174240,528,3
76,47,174360,120,0
75,20,174304,120,2
76,46,174600,120,0
72,47,174720,380,1
64,68,174840,120,2
79,50,174960,120,1
88,72,175217,179,4
77,28,175200,120,1
76,53,175320,120,0
74,31,175440,1018,2
58,88,175202,109,3
57,50,175369,120,2
69,18,175495,793,3
62,50,175920,120,1
78,73,175581,861,4
71,47,176045,120,1
59,22,176280,110,2
71,41,175998,480,2
62,41,176400,480,1
68,41,176997,240,1
74,77,176880,1169,3
84,53,177273,881,2
62,5,176770,120,3
89,83,176781,1098,4
74,40,177643,388,3
79,46,176982,1056,3
81,55,177360,1019,1
71,44,177664,687,2
83,52,177480,120,0
67,87,178064,959,4
84,82,177600,120,1
77,87,177720,1002,3
74,43,177720,120,0
80,92,178130,531,4
90,53,177840,1014,2
67,69,178325,459,4
91,58,177461,803,3
89,63,178292,120,1
77,87,178080,971,2
88,39,177890,120,2
79,81,178200,120,2
86,64,178320,120,0
74,54,178320,609,1
79,80,178875,120,3
84,57,178693,867,2
83,93,178560,120,1
71,33,178560,120,1
69,73,178680,120,1
85,58,178680,955,2
68,54,178800,120,0
81,64,178800,120,1
60,78,178920,901,3
81,58,178920,120,0
62,54,179040,534,2
83,33,178568,120,2
84,30,179160,120,1
74,51,179081,45,3
74,20,179091,120,2
97,66,178929,418,3
85,81,179400,120,1
73,45,179400,120,0
93,106,179520,521,3
76,60,179520,120,0
87,23,179640,120,2
86,42,179360,120,2
94,102,179701,120,3
72,84,179305,120,2
78,52,179880,120,1
83,38,179880,120,1
73,65,180092,120,2
66,89,180000,120,2
65,25,180469,120,3
85,24,180229,120,3
81,100,180240,785,2
69,56,180240,526,1
72,51,180360,120,0
84,60,180360,120,0
71,53,180238,499,2
83,92,180871,120,2
77,63,180600,565,2
74,76,180600,120,1
72,56,180855,197,2
84,66,180720,679,1
84,51,181145,22,3
83,60,180840,120,0
72,25,181229,120,2
91,103,180960,120,2
87,67,181080,120,1
82,56,181080,120,1
81,65,181429,859,3
77,90,180905,454,4
77,28,181320,120,1
79,65,181320,1015,2
88,67,181440,120,0
82,56,181937,120,2
92,20,181560,120,2
81,87,181560,120,2
88,88,181680,190,2
76,33,181680,120,1
76,60,181800,120,0
64,19,181800,316,2
72,53,182225,120,2
74,27,181631,265,4
80,63,181884,120,1
68,53,181717,120,1
69,73,181664,919,3
81,63,182160,480,0
69,50,182880,120,0
80,46,183000,120,1
69,76,182638,255,3
81,88,183240,195,2
83,83,183360,120,2
79,53,183819,374,2
79,50,183600,120,0
77,48,183720,120,0
76,48,183840,120,0
77,12,183785,1103,3
76,75,183669,349,3
77,48,183953,120,1
81,20,184320,120,1
80,45,184440,120,0
81,88,184560,120,1
82,45,184680,120,1
78,50,184800,234,2
77,71,185281,108,2
77,14,185040,120,1
69,82,185229,461,4
75,20,185473,120,2
76,47,185400,120,0
75,28,185642,120,2
75,20,185734,108,3
76,50,185760,120,0
83,46,185880,616,2
72,46,186000,599,1
71,8,186120,405,2
59,80,186700,629,4
69,50,186360,206,2
77,11,186383,37,3
61,69,186103,916,4
78,7,186720,899,3
62,47,186840,42,2
62,50,186960,120,1
80,47,187080,108,1
70,50,187200,120,1
69,43,187320,120,0
72,55,187440,361,1
71,49,187261,120,1
74,58,187680,120,0
59,83,187957,483,4
71,30,187920,40,1
72,56,188300,219,2
74,82,188000,770,2
74,75,188162,280,4
72,99,188040,360,1
68,36,188195,180,1
71,51,188400,180,0
77,50,188824,254,3
72,87,188306,1054,4
69,13,188408,868,3
84,13,189000,120,2
69,13,188756,120,3
74,21,189713,120,2
73,50,189199,120,2
82,74,189480,120,2
64,55,189600,120,1
78,90,189720,551,3
87,51,189933,120,2
72,9,189960,211,2
71,15,190080,120,1
59,80,190200,120,2
82,50,190443,120,2
69,70,190526,993,3
71,75,190366,517,3
72,48,190753,453,2
74,50,190800,120,0
79,21,190920,689,3
76,54,191365,607,2
64,52,191160,120,1
72,51,191280,120,0
79,69,191400,120,2
69,87,191520,120,1
75,47,191640,120,1
69,50,192045,1034,2
68,8,191819,738,4
71,52,192196,887,2
74,78,191753,120,2
72,56,192240,120,0
71,50,192360,120,0
72,54,192356,885,2
89,20,192600,1009,3
74,55,192720,120,0
77,48,192840,120,0
66,35,192960,120,2
75,20,193481,120,2
76,56,193200,193,1
52,81,193320,120,2
66,43,193235,120,1
68,46,193452,120,1
69,89,193761,287,3
58,69,193800,1010,3
69,21,193920,120,1
64,45,194040,120,0
73,71,194274,120,3
64,20,194164,25,3
65,55,194400,120,1
88,65,194611,1043,3
80,60,194520,120,0
72,51,194520,317,2
86,66,195037,916,3
69,56,194640,120,0
72,85,195204,826,3
82,28,194760,120,2
83,63,195265,810,2
64,26,195194,120,3
86,86,195000,718,2
88,53,194507,337,3
65,56,195120,120,1
91,40,194640,120,3
71,19,195240,120,1
83,60,195734,120,1
82,45,195238,749,4
72,60,195360,120,0
88,67,195480,120,0
69,56,195480,509,2
85,55,195469,120,2
95,65,195600,120,1
77,55,195720,120,0
89,98,195870,918,3
76,56,195840,120,0
88,67,195840,120,0
87,34,195766,440,3
75,50,195960,120,0
83,56,195674,120,2
88,66,196080,811,1
64,51,196200,581,1
66,34,196412,1113,4
78,38,196462,1074,3
66,53,196320,120,0
85,63,196440,487,2
75,53,196440,693,2
81,86,196911,480,2
69,53,196319,761,2
69,18,197219,1020,3
63,16,197400,862,3
69,50,197520,120,0
68,78,197640,837,3
80,26,197325,654,3
88,53,197535,108,2
74,80,198000,788,3
82,70,198236,120,3
76,74,198240,120,1
63,48,198289,120,2
76,50,198480,806,1
77,48,199033,960,2
81,28,198720,120,1
80,45,198840,120,0
75,50,198960,670,2
93,17,199080,120,2
81,82,199561,120,2
77,46,199320,108,0
77,21,199440,120,1
76,25,199992,120,2
73,47,199594,120,2
72,24,199800,501,3
79,50,200328,120,2
82,45,200040,21,2
76,50,200160,968,1
72,11,200280,194,3
72,12,200400,120,1
61,46,200760,120,2
69,19,200640,120,1
76,21,200936,120,2
84,47,200880,861,2
64,47,200672,968,3
71,47,201120,120,0
69,47,201240,929,1
77,50,201360,120,1
71,47,201480,108,0
71,15,201352,120,2
69,43,201720,120,0
66,77,201840,544,3
71,49,202211,663,2
82,88,202267,120,3
84,51,202200,120,1
76,54,202021,40,2
72,56,201914,441,2
74,58,202400,40,0
72,88,202440,360,1
63,95,202538,1236,4
68,36,202800,180,0
71,74,203258,180,2
72,50,202775,1047,2
60,74,203160,1034,3
69,26,203092,120,2
71,13,203400,987,2
72,47,203134,708,2
72,83,203778,120,3
76,50,203760,120,0
75,46,203787,120,1
84,55,203501,120,2
71,53,204120,120,1
74,51,204240,630,1
72,69,204360,120,1
71,50,204480,645,1
69,47,204291,120,1
62,50,204720,120,1
69,8,204840,120,1
71,67,205021,120,2
86,16,205080,230,3
74,50,205200,120,0
87,46,204836,583,3
73,23,205440,715,3
74,52,205336,120,1
79,51,205884,389,3
71,49,205800,120,0
71,78,205920,365,3
69,21,205841,431,4
62,16,206160,120,2
72,46,206280,1016,1
80,25,205979,120,3
70,48,206335,120,2
78,56,206775,399,3
57,81,207104,361,4
72,54,206755,120,1
76,50,207300,120,1
74,17,207120,60,2
70,79,207240,120,2
84,60,207360,120,1
80,54,207480,120,1
76,82,207380,120,2
55,81,207720,293,3
66,43,207498,804,2
82,46,207960,792,2
76,51,207989,120,2
68,44,208200,1003,1
68,50,208185,120,2
64,73,208440,120,1
60,49,208560,120,0
64,46,209090,120,1
69,55,208461,120,1
81,27,208800,329,2
92,28,209070,120,3
68,23,208920,120,1
79,66,209151,473,3
69,56,209491,120,1
80,37,209455,791,4
72,82,209160,120,1
78,53,208805,251,3
76,94,209665,280,4
86,63,209671,378,2
87,53,209400,762,2
86,31,209690,120,3
81,33,209072,763,4
83,60,209640,120,0
71,51,209640,687,1
84,102,210223,1035,3
74,60,209760,120,1
76,56,210052,1058,2
95,32,209497,524,4
65,87,210000,980,3
98,65,210000,120,1
69,55,210321,120,2
79,65,210120,120,1
88,100,210240,933,2
76,56,210240,120,0
87,59,210497,267,2
65,50,210534,471,3
79,66,210784,120,2
76,56,210480,120,0
61,51,210360,120,2
76,83,210600,997,2
69,79,210833,120,3
78,63,210590,120,1
80,42,210567,120,2
68,30,211076,300,3
81,63,210720,1111,2
69,79,210960,841,2
73,50,213120,120,0
69,50,213120,120,0
64,71,213240,120,1
69,44,213461,120,1
73,44,213581,120,1
85,24,213236,240,2
81,52,213360,240,0
69,49,212995,120,2
74,45,213849,120,1
100,53,213600,240,1
83,53,213600,240,0
74,14,214050,701,4
71,19,213720,120,2
88,55,213392,240,1
80,55,213840,165,2
76,79,213840,120,1
85,77,214067,1027,4
52,50,214249,1089,3
65,20,214458,855,4
80,53,214080,240,1
76,53,214080,240,1
71,45,214080,120,0
64,49,214200,463,1
73,67,214320,706,2
78,52,214051,240,2
85,52,214320,799,1
69,44,214188,1055,2
64,48,214760,549,2
68,50,214560,628,1
71,50,214719,120,1
64,12,214312,120,2
83,52,214800,240,0
68,74,214659,227,3
71,6,214800,874,2
74,78,214800,240,2
64,12,214920,724,2
81,85,215040,240,1
65,45,215040,120,1
68,70,214970,326,4
85,53,215040,328,1
56,83,215160,120,2
74,7,215280,120,1
73,86,215757,887,4
86,55,215280,240,1
78,34,215280,166,3
74,50,215330,120,2
81,53,215613,240,1
80,92,215520,240,2
69,45,215403,657,2
73,45,215520,991,1
60,22,215640,1113,3
68,44,215760,120,0
81,91,215852,996,4
85,44,215760,207,2
86,52,215760,240,1
64,70,215619,120,2
64,54,216000,120,0
74,54,216000,60,2
61,50,216385,868,2
69,45,216240,120,0
81,54,216240,240,0
64,45,216240,120,0
61,50,216360,120,0
61,14,216480,1083,3
64,54,216480,120,0
61,50,216600,120,0
68,55,216720,120,0
81,55,216979,120,2
64,51,216578,53,2
71,16,216960,1097,3
71,47,216960,181,1
68,47,216960,120,0
64,51,217080,1114,1
64,72,217200,120,2
80,50,217200,120,1
50,20,216934,120,3
69,46,217440,120,0
62,46,217628,120,2
85,55,217440,240,0
81,80,217142,429,3
50,50,217560,425,2
91,24,217680,1108,3
83,53,217484,240,1
74,13,217680,361,2
71,83,217680,773,2
66,49,217502,120,2
87,52,218184,1128,3
73,13,217920,968,2
69,11,218201,775,3
81,16,217575,240,2
64,82,217644,120,2
88,18,218160,240,2
68,65,218266,999,3
71,44,218160,120,0
91,23,218160,240,2
64,49,218280,689,1
75,56,218400,120,0
75,53,219003,536,3
75,56,218859,326,2
64,53,218760,659,2
69,97,218571,120,2
73,60,218880,120,0
74,60,219000,120,1
75,96,219120,240,2
69,52,219120,120,0
73,52,219120,608,1
85,57,218817,240,2
54,79,219142,120,3
86,89,219360,240,1
60,54,219209,1030,3
82,54,219460,120,2
71,85,219360,853,3
64,60,219480,120,0
97,61,219600,240,1
84,110,219600,725,3
73,55,219600,675,1
76,21,219600,120,1
57,30,219813,1116,4
76,54,219456,975,3
74,54,219840,120,0
96,82,219452,240,3
86,69,219840,240,0
64,58,219805,120,1
89,57,220080,240,1
93,68,220080,240,1
77,20,220021,725,4
69,52,220080,120,0
50,57,220200,1099,2
54,60,220708,120,2
71,60,220320,120,0
63,60,219950,120,2
71,52,220560,477,1
80,57,220560,1222,1
81,100,220560,1079,3
55,52,220615,1115,3
64,58,220961,120,1
85,91,220800,240,1
81,18,221153,240,2
73,16,220800,120,1
82,32,220359,594,4
69,96,221011,120,3
74,55,221040,120,0
71,55,221040,120,0
87,61,220571,1036,3
82,94,221040,240,2
64,91,221160,483,2
81,54,221646,120,2
73,86,221280,120,1
85,45,221280,240,1
81,58,221280,240,0
54,33,221506,120,3
68,52,221987,120,1
83,68,221520,240,0
74,90,221972,1059,4
78,82,221264,120,3
64,34,221305,120,2
66,64,221830,120,2
60,94,221760,1035,3
75,24,221880,120,2
81,70,222129,240,1
62,54,222000,748,2
69,54,222000,482,1
73,84,222000,1067,2
61,60,222120,120,0
83,109,222240,689,2
82,99,222593,120,3
56,25,222240,171,3
76,30,222367,240,2
64,60,222360,955,1
92,61,222576,1151,3
91,113,222189,732,4
73,105,222025,120,2
55,66,222480,1104,2
75,29,222600,658,3
77,24,222479,120,3
78,89,222772,120,3
66,101,222840,563,2
77,36,223301,120,3
69,34,222960,247,3
70,57,223080,421,2
73,60,223200,120,0
69,60,223200,120,0
64,66,223320,120,0
69,14,222985,765,3
87,50,223440,240,1
86,81,223440,353,3
73,81,223490,771,3
64,50,223560,499,1
83,23,223680,240,1
67,84,223770,392,4
68,17,223370,569,3
80,49,223341,868,2
53,26,224136,120,3
81,88,224008,240,2
59,53,223580,120,2
64,48,223919,120,1
61,50,224160,120,0
64,41,224547,120,1
82,81,224400,120,2
73,50,225103,120,1
69,50,224640,120,0
64,50,224521,549,2
73,44,224880,441,1
85,52,224880,953,1
77,32,225174,411,4
69,72,224600,120,2
60,49,224858,391,3
83,53,225120,240,0
79,53,225120,240,1
71,45,225120,470,1
74,74,225047,120,2
63,50,225436,652,3
76,85,225360,356,2
77,17,224932,602,4
78,46,225360,120,1
85,55,225360,240,0
64,83,225968,258,3
77,91,225600,429,3
74,45,225600,342,1
86,53,225600,240,0
71,45,225600,120,0
64,49,225720,120,0
78,44,226219,1000,3
60,8,225840,913,3
81,80,225509,586,3
93,52,225840,1092,2
59,69,226343,843,4
67,26,225630,712,4
71,50,226423,879,2
77,50,226200,1089,2
80,52,226320,240,0
71,44,226320,524,1
83,52,226320,240,0
62,44,226081,120,2
50,15,226175,120,3
60,45,226560,120,1
81,81,226560,240,1
75,53,226208,240,2
76,45,226096,747,3
55,50,226883,120,2
74,46,226800,120,0
71,46,226800,862,1
86,55,226800,240,0
83,55,226800,627,1
64,19,227368,120,2
85,28,227040,240,1
75,45,227216,120,2
86,45,227040,865,2
81,53,227040,240,0
64,49,227160,120,0
83,52,227028,836,2
71,44,227280,722,1
80,21,227746,240,2
78,44,227280,507,2
70,27,227400,120,2
63,34,227107,938,4
69,54,227520,120,0
61,50,227155,120,1
64,45,227760,557,1
75,45,227760,120,1
81,54,227760,240,0
64,87,227880,334,3
53,54,228418,731,3
69,54,228000,120,0
61,22,228120,363,2
67,55,228112,120,2
68,19,228240,708,2
64,17,228360,120,1
80,13,227991,925,4
97,81,228480,506,3
64,17,228358,120,3
64,51,228600,120,0
71,21,228720,1053,2
75,24,228292,470,4
64,15,228840,120,1
66,78,229234,120,3
70,46,228960,1035,2
85,55,228960,240,0
81,93,228960,240,1
59,90,229080,120,2
75,19,229200,240,2
61,80,228961,120,3
83,87,229200,1030,2
66,45,229200,120,1
64,49,229320,120,0
95,52,229280,1143,3
69,76,229796,513,3
71,44,229142,120,2
91,52,229212,1063,3
64,27,229560,120,1
80,81,229884,120,3
80,26,229680,425,2
83,26,229465,178,3
71,77,229680,120,1
64,49,229800,120,0
75,87,229977,178,3
76,53,229542,120,1
75,56,230160,120,0
76,53,230148,120,1
72,98,230839,120,3
73,60,230115,120,1
70,28,230899,120,3
81,57,230640,240,0
73,52,230248,626,2
99,102,230166,862,4
75,52,230380,120,2
64,86,231153,989,3
66,54,230880,120,1
86,105,230880,240,1
83,78,231171,240,2
63,93,230880,29,3
64,60,231000,120,0
79,15,231120,314,3
65,55,231120,21,2
85,61,231120,960,1
88,72,231120,240,0
64,39,231240,120,1
82,43,231235,567,4
71,78,231653,120,2
85,58,231360,145,2
84,54,231659,120,2
64,93,231401,120,2
81,37,231813,240,2
73,89,231600,120,1
84,28,231277,240,3
69,52,232029,120,1
64,79,231844,120,2
59,60,231840,120,1
65,35,231840,120,2
64,60,231960,120,0
71,90,232004,120,2
80,79,232080,903,2
79,52,232080,346,2
83,68,232451,240,1
64,58,232200,120,0
83,54,231911,120,2
73,54,232320,173,1
81,58,232320,843,1
74,69,232320,1021,2
66,60,232440,120,1
77,25,233044,120,3
83,61,232560,240,0
86,46,232372,458,3
79,35,232560,358,3
64,86,232680,774,2
73,29,232800,120,1
85,41,232800,240,1
81,34,232800,407,2
69,54,232800,120,0
64,58,232762,993,2
63,90,233040,120,2
83,68,232899,240,1
81,57,233040,1092,2
68,18,233040,186,2
60,57,233160,120,1
59,64,233623,253,3
60,64,232940,401,3
49,83,233584,120,3
74,70,233457,1131,3
58,54,233520,120,1
80,32,233520,717,3
73,59,233520,240,0
62,60,233268,120,2
68,99,233508,120,2
76,59,233760,240,0
71,64,233760,120,0
75,70,233760,240,1
64,60,233880,120,0
80,46,234204,866,4
85,112,233679,1111,3
73,66,234000,120,0
81,61,234000,240,0
54,84,233882,120,3
73,79,234240,860,2
68,56,234292,120,2
74,27,234587,468,4
71,60,234425,120,1
74,60,234480,120,0
61,57,234600,120,1
69,60,234977,273,2
78,96,234720,481,3
64,90,234619,120,2
85,60,234960,1112,1
89,50,234771,382,3
58,47,234960,1003,2
60,47,234764,120,2
64,50,235080,120,0
71,29,235200,1224,3
71,45,235200,120,0
83,59,234898,1152,2
68,45,235200,120,0
64,82,234901,722,3
69,20,235440,120,1
81,25,235440,240,1
64,48,235305,554,2
61,74,235680,120,1
52,41,235800,416,2
69,23,235607,120,2
76,54,236160,1041,1
81,54,236520,60,1
76,50,236580,60,0
74,55,236640,60,0
60,54,236421,581,3
70,53,236969,381,3
69,89,236820,60,1
77,57,236880,120,0
78,54,237000,114,0
78,54,237120,201,1
77,58,237600,120,1
80,55,237720,120,0
83,58,238266,120,1
81,58,237960,120,0
80,30,237830,520,3
91,60,238200,120,1
75,62,238320,120,0
76,57,238440,320,1
86,57,238560,120,1
76,63,239040,805,1
85,31,239865,216,4
88,15,239874,60,3
75,36,239520,60,2
74,56,239493,197,3
71,54,239640,243,1
69,26,239249,60,2
76,34,239760,1009,2
74,32,239880,240,1
78,55,240120,60,0
76,50,240180,60,0
74,58,240135,200,2
77,56,240675,7,3
60,54,240360,60,1
75,88,240490,618,4
76,30,240917,1008,4
68,58,240720,240,0
55,79,240960,1187,3
73,59,241020,1132,3
64,53,241200,878,1
75,84,241200,701,3
73,43,241532,708,3
60,80,241183,240,3
75,39,242118,240,2
73,15,241920,654,2
69,71,241920,793,2
72,49,241677,120,2
80,82,242160,240,2
60,43,242541,120,2
66,65,242160,927,3
85,47,242038,1063,3
55,48,242280,120,1
70,70,242559,240,3
79,44,242400,120,1
73,22,242400,240,2
74,22,241916,1036,3
74,49,242520,937,2
76,45,242640,198,1
85,23,243084,749,3
88,59,242640,240,0
73,11,242640,120,1
64,24,242760,835,2
83,88,243123,240,2
86,57,242880,240,0
71,44,242962,120,1
74,6,242880,1045,2
64,13,242808,725,3
95,47,243120,240,1
59,83,243462,120,3
72,56,243304,766,3
81,43,242956,120,2
64,47,243240,120,0
71,77,243853,897,3
68,49,243360,910,1
61,49,243480,120,1
83,80,243600,1037,2
71,43,243600,629,1
80,47,243600,240,0
68,71,243600,43,2
59,48,243771,552,3
64,44,244251,890,3
85,57,243840,1156,1
86,48,243619,240,2
61,10,243553,120,3
64,49,244281,941,2
86,59,244080,507,1
93,28,244080,240,2
82,45,244458,120,2
68,45,244360,120,2
60,49,244641,120,2
73,44,244742,209,2
88,18,244320,993,3
85,37,243948,240,2
69,44,244796,915,2
64,9,244889,120,2
71,6,244214,850,4
71,77,244560,1028,2
77,80,244170,1090,4
96,56,244783,240,2
54,79,244469,120,3
69,21,244710,120,2
64,19,244312,194,3
61,49,244920,120,0
81,78,245040,240,1
73,70,245040,353,2
69,44,245148,120,1
64,11,245040,1118,2
66,10,245160,1109,3
73,48,245557,240,2
78,75,245280,120,2
80,25,245280,504,3
68,83,245280,802,2
68,49,245543,934,3
73,54,245520,326,1
85,27,245520,240,1
68,50,245667,699,3
83,82,245520,120,2
64,87,245640,635,2
73,16,245760,120,1
81,7,245760,963,3
66,50,245880,428,1
71,49,246000,120,0
80,49,245918,755,3
66,77,246273,120,2
79,74,246240,120,2
58,86,246593,231,4
64,54,246360,120,0
85,49,246392,519,2
69,39,246480,484,1
81,61,246480,240,1
73,63,246480,120,1
64,44,246600,120,0
68,65,246527,120,2
77,69,246956,240,3
95,48,246720,240,1
70,37,246720,275,2
64,5,246746,321,3
69,79,247211,240,3
84,8,247074,340,4
80,76,247354,480,2
68,44,246960,120,0
60,46,247080,176,2
68,42,247200,616,1
72,43,247200,120,0
94,49,247200,240,1
64,45,247320,120,0
85,49,247440,240,0
81,49,247440,240,0
69,2,247440,120,1
73,4,247440,120,1
60,42,247717,721,3
71,60,247680,779,2
69,40,248001,746,3
64,56,247800,120,0
73,50,247920,120,0
85,66,247556,418,2
68,50,247675,120,2
81,34,247833,240,2
78,90,248040,1013,3
71,60,247907,120,1
92,87,247799,1034,4
86,66,248160,240,0
74,89,247917,120,2
64,56,248280,120,0
88,69,248155,240,1
73,62,248400,120,0
91,23,248400,1146,3
76,94,248400,120,1
69,57,248520,52,1
79,52,248640,120,1
79,52,248640,437,2
80,91,248516,120,3
78,17,248880,392,2
74,56,248676,488,2
69,94,248888,728,3
73,56,249120,1055,1
80,82,249606,120,3
64,90,249240,329,2
67,20,249360,120,2
85,71,249360,311,1
76,55,249360,396,2
81,29,249360,442,2
64,59,249480,120,0
57,91,249600,994,3
80,82,249422,614,3
86,70,249939,240,2
71,54,250045,120,1
64,58,249803,960,2
62,63,250154,270,3
69,63,249840,175,2
62,85,249960,542,3
61,59,250080,120,0
64,49,250200,120,0
69,57,249928,120,1
69,33,250560,360,2
78,54,250920,60,0
88,50,250980,803,2
69,20,250740,0,4
73,25,251100,529,2
58,53,251160,60,1
69,52,251516,840,2
77,57,251280,708,1
78,19,251772,111,2
67,54,251520,120,1
81,58,252000,120,0
80,55,252199,677,2
83,58,252240,413,1
81,58,252360,120,0
80,81,252480,707,2
78,60,252600,120,0
68,28,252720,195,3
76,57,252840,112,0
76,25,252577,120,2
76,38,253440,1028,2
78,55,253598,60,1
76,19,253860,60,1
81,58,254012,186,3
73,82,253657,0,3
71,54,254040,60,0
80,14,254100,733,3
64,63,254065,506,3
74,63,254280,240,0
86,82,254385,60,3
84,50,254406,60,2
64,27,254640,293,3
81,56,254700,959,2
71,26,255179,2,3
69,53,254890,234,2
69,62,254880,240,0
68,95,255120,240,1
54,22,255462,436,4
69,59,255360,387,1
73,24,255273,480,2
72,53,256082,720,2
69,14,255600,816,2
71,69,256080,240,1
73,39,255692,240,2
73,49,256320,120,0
60,49,256692,120,2
64,49,256440,651,1
72,56,256560,959,2
73,43,256560,120,0
81,47,256560,240,0
69,6,256682,120,2
64,48,256257,371,2
100,57,256800,240,1
83,48,256916,1150,2
87,44,256901,120,2
71,44,256800,120,0
64,49,257390,651,2
84,59,257040,736,2
85,75,256732,1004,3
76,14,257040,688,2
73,6,256929,481,3
51,16,256698,1057,4
74,44,257280,120,0
78,77,257127,120,3
83,85,257280,240,1
82,84,257280,240,2
65,48,257006,426,3
70,43,257520,748,2
85,56,257145,485,2
69,64,257520,762,2
81,80,257520,240,1
64,27,257572,120,2
68,86,257760,120,1
71,49,257465,120,1
73,49,257467,688,3
83,56,257858,240,1
68,8,258159,549,3
71,78,257731,767,4
81,43,258000,120,1
64,13,258417,717,3
69,44,258240,868,1
93,48,258542,240,2
85,57,258240,240,0
78,73,258240,1026,3
67,15,258114,648,4
73,50,258480,811,2
72,14,258480,28,3
81,59,258221,669,3
71,74,258040,220,3
64,86,258600,120,1
85,57,258720,240,0
81,48,258720,240,0
75,44,258504,120,2
73,44,258918,120,1
64,48,258840,120,0
80,47,258960,240,0
71,23,259439,120,2
62,13,258960,211,3
83,56,258960,240,0
64,47,259080,120,0
64,75,259200,120,1
73,92,259200,120,2
65,49,259375,829,3
78,76,259815,120,3
68,82,259440,240,2
73,48,259440,240,0
75,44,259440,120,1
61,49,259560,120,0
61,53,259680,120,1
71,92,259680,811,2
69,86,259972,240,3
91,21,259450,240,3
64,49,259398,120,1
56,17,259920,120,2
85,99,259920,240,1
73,54,259920,120,0
81,15,259920,1027,2
64,16,260101,120,2
69,83,260222,396,3
68,76,260160,611,3
66,25,260623,120,2
77,49,259926,1115,3
72,49,260058,255,3
73,7,260520,1008,3
73,73,260640,839,2
69,80,260640,120,1
64,90,260486,120,2
77,61,260880,1009,3
60,39,260880,747,2
73,16,260675,288,3
85,49,260880,341,1
64,44,261000,858,1
88,3,261280,998,4
76,0,261469,120,3
67,37,260845,120,2
80,48,261461,240,2
64,72,260946,930,3
74,44,261670,120,2
70,84,261622,120,3
83,49,261749,240,1
80,49,261264,480,1
64,81,261480,635,2
84,29,261600,1006,2
68,10,261600,906,2
72,14,261600,120,1
64,70,261720,120,1
60,70,261840,120,2
93,49,261840,240,1
69,69,262092,120,2
81,71,261351,240,2
75,63,262097,120,3
73,35,261581,120,2
69,60,261750,1066,2
64,56,262200,120,0
85,39,262320,453,2
63,84,262568,404,4
78,90,262320,120,2
75,55,262002,240,2
68,31,262661,120,3
95,66,262867,739,3
74,98,262935,679,3
83,89,263000,240,2
78,20,262560,213,3
64,56,263016,328,2
88,38,262303,240,2
76,62,262800,413,1
85,57,262800,240,0
81,62,263045,120,2
69,17,262920,120,1
73,17,263040,1002,2
79,52,263040,901,2
70,27,262805,41,4
74,28,263280,120,1
75,94,263738,981,4
69,54,263400,120,0
73,56,263412,120,1
81,56,263520,457,2
68,88,263548,382,4
85,71,264106,314,2
69,55,263760,120,0
81,59,263760,607,1
68,76,263760,120,2
64,20,263552,120,2
82,16,263866,383,4
80,81,263616,634,3
76,54,264000,120,1
87,38,264449,240,3
64,58,264120,63,1
56,92,264737,55,4
82,23,264321,240,3
73,86,264266,120,3
61,59,264480,120,0
72,15,264930,120,3
67,26,264720,441,3
73,86,266400,480,1
73,26,266880,720,1
74,53,267600,240,0
79,56,267930,240,2
76,50,268080,240,0
77,50,268933,984,3
78,54,268800,120,0
76,70,268920,120,1
74,50,269040,120,0
69,50,269233,765,3
73,92,269188,853,3
69,50,269054,584,3
82,50,269476,1204,3
73,54,270480,960,1
76,80,270823,240,2
74,80,270960,240,1
74,50,271238,569,2
76,21,271680,120,1
75,50,271800,417,2
82,77,271920,904,3
71,30,272040,1079,2
71,80,271686,462,3
69,53,272400,734,1
69,20,272336,713,3
56,78,273008,893,4
69,53,273000,120,0
66,33,273120,120,2
69,55,273240,120,0
76,32,273088,920,4
65,58,273824,120,2
70,102,273600,240,1
71,58,273840,977,1
71,49,274593,180,2
75,78,274090,761,4
71,49,273969,120,1
81,78,274560,120,2
71,49,274680,120,0
76,30,274800,120,1
68,21,274646,120,3
76,29,274796,120,3
73,69,274846,120,2
72,49,275280,120,0
87,46,275688,399,3
74,16,275395,845,3
87,22,275640,214,3
78,76,275760,420,3
60,8,275880,120,2
76,59,276450,772,2
88,51,276120,483,2
66,22,276056,120,3
78,14,276594,350,4
73,62,276480,120,0
80,86,276191,120,3
76,53,276720,349,2
76,85,276840,453,3
69,63,277160,1100,2
62,50,277235,120,2
67,54,277699,364,2
68,51,277320,941,1
66,64,277440,120,0
64,54,277417,120,1
63,35,277616,120,2
72,94,278238,412,4
73,71,277633,240,1
69,105,278161,240,2
66,65,278160,815,2
73,65,278160,1026,1
61,75,278640,240,2
83,25,278640,240,2
65,76,278536,1180,4
71,50,279091,240,1
59,29,279461,240,3
75,50,279120,240,0
62,87,279487,406,4
76,14,279769,120,2
69,49,279648,63,1
71,50,279600,63,0
68,78,279720,477,3
80,52,279840,63,1
80,91,279566,937,4
72,54,280080,1011,2
91,55,280004,63,2
81,56,280320,120,0
94,57,280720,423,3
92,58,280098,120,2
69,71,281281,120,1
73,45,281096,120,2
71,83,280501,49,3
69,27,280920,108,2
68,65,280955,480,1
65,100,281040,480,2
71,50,281520,240,0
66,50,281072,240,2
66,50,281874,240,2
72,50,281760,644,1
73,74,282000,240,1
70,50,282000,240,0
71,53,282240,120,0
74,53,281905,761,2
78,49,282754,617,3
72,50,282480,63,1
65,16,283014,63,3
76,52,282488,905,2
78,53,282840,63,0
80,54,283231,190,2
71,55,282786,700,3
76,16,283200,120,2
73,57,283320,120,1
86,58,283811,218,2
71,57,283680,363,1
76,80,284189,108,3
78,81,284129,439,4
69,53,284280,120,0
74,17,284400,556,2
81,82,284337,947,4
82,55,284640,120,1
79,52,284291,120,2
76,52,284880,120,0
85,53,285000,120,1
72,58,285120,120,0
79,30,285403,449,4
87,54,285078,386,3
94,17,285480,90,2
81,57,285764,197,2
89,55,286133,90,2
67,15,285840,737,3
88,94,285960,1018,3
86,58,286271,328,3
75,52,286401,120,2
74,54,286714,120,1
63,87,286440,639,3
76,93,286560,120,1
78,83,286680,295,2
76,54,286720,40,0
65,28,287041,647,4
76,27,286800,721,2
76,78,286535,120,3
69,82,287153,1444,3
68,16,287647,240,2
80,16,287366,120,3
62,50,288254,120,2
64,45,287822,1245,2
71,53,288079,1286,2
67,45,288000,480,1
69,75,288480,240,1
60,43,288900,60,1
66,76,288516,60,2
69,21,289414,929,3
68,46,289080,3,1
71,81,289365,60,2
69,74,289428,435,3
73,40,289260,60,0
75,44,289140,60,2
74,76,289380,580,2
73,50,289440,930,1
87,50,290050,1684,3
74,53,290992,240,1
75,56,291232,436,3
76,84,291282,313,3
67,50,291843,461,3
78,34,291840,120,1
76,50,291960,120,0
61,50,291872,324,3
59,13,292200,108,2
73,78,291924,240,2
71,50,292363,232,1
57,50,292387,720,2
73,54,293520,481,1
74,57,293760,240,1
74,53,293752,240,1
74,16,294480,1110,2
87,56,294720,1044,2
63,50,294645,622,3
63,50,294900,791,3
59,50,295080,558,2
60,57,295200,994,2
61,87,295526,147,4
69,53,295800,1082,1
72,96,295920,240,3
69,53,295777,428,2
65,58,295779,21,3
69,55,296742,120,1
79,86,296400,120,2
73,58,296520,120,0
83,96,296468,1209,4
80,20,297234,408,4
65,49,297483,120,2
67,53,297489,120,2
62,49,297480,120,1
73,53,297600,120,0
69,49,297720,172,2
90,73,297361,120,3
74,49,297960,1019,1
74,53,298080,27,1
73,49,298200,120,0
65,49,298320,430,2
73,49,298440,120,0
74,55,298560,23,1
73,50,298680,120,0
72,50,299075,120,1
73,30,299078,820,3
78,20,299040,120,2
84,53,298911,120,2
73,53,299280,120,0
70,53,299400,120,1
73,62,299520,120,0
85,53,299367,323,3
70,17,299855,120,2
71,53,299880,120,0
69,63,300175,731,2
82,54,300120,120,1
67,89,300240,120,1
68,31,300360,120,1
66,84,300480,236,2
57,56,300600,694,2
66,83,300720,120,2
63,56,300840,120,1
64,39,301105,962,4
83,71,300637,1095,3
73,65,301200,480,0
83,27,301273,480,3
70,50,301854,240,1
73,50,301680,498,1
71,13,301594,240,2
74,50,301920,240,0
72,50,302160,942,1
78,21,302094,402,4
73,78,302121,594,3
73,75,302532,120,3
69,49,302021,871,2
71,23,302800,827,3
81,51,302760,358,2
74,52,302880,63,0
76,53,303000,63,0
79,54,302910,865,3
90,55,303057,1063,3
81,56,303360,402,1
89,57,303588,120,2
85,58,303916,727,2
73,95,303359,1083,3
69,31,303986,912,3
62,62,303960,108,1
74,91,303775,726,4
78,36,304237,480,3
68,89,304080,480,1
73,50,304560,240,1
68,22,304560,177,2
83,23,304800,240,2
69,50,304800,240,0
64,29,305040,727,3
73,50,305316,762,2
58,53,305280,853,2
63,53,305280,844,2
71,14,305400,876,2
61,50,305060,63,2
64,71,305640,839,3
69,52,306158,284,3
71,30,305600,63,3
80,54,306335,63,1
92,15,305816,720,4
83,56,306240,120,0
85,24,306360,120,1
86,91,306480,853,2
82,57,306720,712,2
82,91,306964,1018,4
68,53,307099,360,2
57,53,307268,120,2
74,28,307440,420,2
73,53,307560,120,0
67,23,307542,120,3
85,23,308046,120,3
76,52,307785,643,2
74,53,308412,31,2
59,58,308160,120,1
73,22,308280,579,2
81,54,308768,90,1
81,84,308520,288,2
83,36,308255,90,3
81,55,308760,90,0
91,55,308761,90,2
91,55,309000,230,2
81,58,309120,120,0
78,56,308873,120,1
74,14,309180,670,3
78,89,309480,120,2
76,90,309926,120,2
90,54,309788,681,3
76,54,309355,762,2
75,94,309800,219,2
76,35,309786,943,3
78,77,309960,1080,2
69,58,310080,720,0
73,19,310589,120,2
68,30,310800,240,1
71,50,310920,678,1
64,45,311495,1043,2
79,69,311040,480,2
71,33,311040,1064,2
63,75,311826,1007,4
70,3,311158,1012,4
69,45,311680,40,0
68,46,311720,40,0
69,52,311760,120,0
83,54,311489,543,3
60,17,312276,120,3
74,40,312298,40,1
71,20,312493,40,3
69,12,312254,829,4
67,83,312240,120,2
68,52,312360,120,1
76,57,312939,360,1
78,79,312840,60,1
76,47,312900,941,1
74,58,313146,240,1
87,15,313288,240,3
71,57,313440,240,0
69,14,313182,240,2
69,64,313920,360,0
78,57,314017,120,1
78,61,314027,797,2
62,68,314785,540,1
70,44,315231,60,2
64,45,315480,596,1
59,46,315540,840,2
64,47,315693,511,2
66,88,315660,60,1
67,75,316176,567,3
69,25,316159,349,3
83,13,315840,1038,3
82,52,316400,617,3
74,93,315960,60,1
76,54,316020,60,0
78,55,316080,80,0
79,84,316160,60,1
81,77,316240,60,1
89,62,316194,143,3
85,44,316440,90,1
86,47,316465,503,3
78,61,316500,675,2
76,41,316800,360,2
69,36,317160,795,3
66,86,317465,216,3
76,57,317846,833,2
76,28,317377,216,2
76,57,317834,351,2
85,99,317795,1069,4
89,74,318464,503,4
73,47,318480,306,1
71,47,318821,1113,2
62,53,318720,344,2
76,47,318895,125,2
76,47,319200,216,0
76,47,319440,216,0
78,58,319680,322,1
76,8,319362,939,3
65,48,319920,120,1
67,10,320040,906,3
68,52,320358,240,1
76,49,320400,908,1
75,83,320380,935,4
76,53,320880,216,0
65,65,321120,341,2
76,55,321165,120,1
78,87,321842,195,4
69,87,321760,120,2
78,46,321660,532,3
72,57,321816,120,2
71,97,321840,347,3
71,20,321960,120,1
64,42,322080,120,2
76,57,322200,120,0
84,60,322320,944,2
69,34,322440,120,1
73,48,322560,480,1
71,61,323040,120,0
75,43,323407,222,3
76,24,323280,120,1
64,6,323400,120,1
69,51,323293,120,2
66,68,323640,399,3
75,52,323365,120,2
74,42,323390,120,2
72,55,324303,480,2
70,88,324480,1580,3
74,48,325080,40,0
65,16,325120,40,2
71,47,325160,40,0
73,47,325200,120,0
74,51,324869,120,1
78,54,325440,240,0
78,51,325409,120,2
87,62,325920,240,0
88,36,326160,775,2
73,51,326403,60,2
78,88,326291,793,3
82,51,326520,281,2
74,11,326640,833,2
73,51,326760,226,1
79,55,326880,240,1
68,55,327214,1411,3
72,51,327457,440,2
75,87,328074,552,4
58,47,328000,40,1
83,47,327959,40,2
72,51,328481,120,2
73,51,328200,565,1
76,17,328527,570,3
74,51,328560,120,0
85,60,328800,240,0
93,37,328662,120,3
74,51,329220,60,0
73,57,329280,259,2
62,89,329400,120,2
66,25,329520,789,3
71,51,329640,112,0
71,57,329760,240,0
69,54,330000,360,0
69,57,330673,120,1
74,61,330230,649,2
81,57,330600,1095,2
82,61,330720,461,2
69,92,331200,1058,4
76,57,330960,592,1
77,57,331080,120,1
59,80,331200,120,2
73,57,331320,120,0
81,60,331440,108,0
87,24,331909,229,4
71,62,331540,531,3
72,33,331800,257,3
72,103,332411,1053,4
81,88,332040,108,1
81,69,332160,120,0
92,59,332280,120,1
74,62,332400,120,0
80,85,332955,120,3
80,104,332640,120,2
78,31,332760,40,1
76,96,332800,40,1
85,59,332519,40,2
88,27,332880,779,3
75,61,333000,120,1
69,66,333186,720,1
64,18,333840,805,3
67,45,333840,557,2
68,52,333895,1842,2
57,85,334080,1630,3
72,71,334392,999,3
74,74,335359,420,3
65,51,335040,1262,2
64,61,335460,30,0
72,62,335490,0,2
73,37,335986,1356,3
76,88,336080,80,1
64,37,336160,0,3
69,37,336017,80,3
74,62,336320,80,0
69,24,336400,698,3
74,66,336103,80,1
78,23,336560,80,1
70,30,337089,645,4
74,66,336720,80,0
89,38,336800,223,3
71,101,336880,80,2
74,62,336560,378,3
75,89,337257,60,3
59,100,337379,60,3
74,65,337140,60,1
74,65,337200,60,0
76,91,337472,823,3
88,105,337374,455,4
80,40,337380,1024,2
92,68,337171,662,3
78,96,337763,0,4
79,70,338044,60,2
77,35,337620,854,3
94,104,337680,669,3
80,107,337740,1010,2
78,38,337888,244,3
91,107,338116,605,4
76,105,338043,497,4
80,67,337980,60,0
87,65,338040,60,1
80,64,338181,60,1
70,62,337821,60,2
81,61,338220,60,0
80,95,337943,873,3
92,58,338574,60,2
76,83,338805,351,3
92,91,338520,120,2
85,25,338640,120,1
79,100,338432,120,3
82,52,338880,60,1
78,52,338745,380,3
76,16,339120,179,2
73,87,339240,120,1
76,57,339823,991,2
74,51,339480,59,1
73,51,339269,735,2
71,82,339347,113,2
70,19,340190,418,4
73,80,339721,1070,4
73,80,340320,199,3
54,45,340791,60,2
55,45,340218,60,2
53,50,340560,60,1
68,47,340640,60,0
69,18,340720,727,2
61,28,340800,60,2
71,44,341154,331,2
75,20,340960,60,2
73,48,341040,60,0
74,44,341120,60,0
88,44,341501,583,3
62,90,341675,947,4
72,47,341855,9,3
76,18,341700,60,1
82,58,341760,240,1
87,53,342000,240,1
71,57,342240,240,0
69,77,342480,291,2
69,61,342720,718,1
78,90,342907,109,2
80,98,343200,798,3
70,68,343895,1264,3
62,44,344220,831,2
64,45,343922,60,1
62,46,344533,60,1
68,47,344400,521,2
66,25,344533,526,3
59,74,344203,60,3
69,50,344580,60,0
71,51,344640,393,1
73,12,344700,60,1
77,53,344760,1059,2
76,54,344820,60,0
78,55,344966,80,1
79,56,344960,80,0
81,97,345360,80,2
82,62,345120,120,1
94,107,345240,228,3
86,75,345360,180,0
78,23,345540,60,1
81,68,345241,938,2
66,60,345960,120,1
76,65,346080,228,0
76,26,346779,791,3
62,33,346560,917,3
83,29,346800,782,3
78,60,347040,120,0
66,50,346661,120,2
69,25,346878,120,3
71,24,347883,890,3
69,81,347374,1003,3
76,46,347760,923,1
78,10,348000,749,3
67,46,348132,228,2
78,61,348480,120,0
82,22,348600,457,3
78,89,348720,120,2
61,51,348840,120,1
68,54,349067,1195,2
76,52,349200,228,0
76,53,349440,228,0
76,91,349810,1216,3
78,97,349436,120,2
76,92,350040,957,2
73,58,350160,120,0
57,91,349893,686,4
78,39,350400,970,2
71,30,350520,249,3
74,59,350640,120,0
61,34,350760,120,2
78,70,350880,120,0
90,90,351000,547,3
73,21,351120,954,2
69,25,351240,120,1
83,31,351237,1249,4
83,61,351786,929,3
75,44,351960,120,1
76,26,352446,595,3
64,16,351911,120,2
75,29,352320,120,1
56,66,352143,120,3
74,81,352560,898,2
64,65,352680,1082,2
73,79,353080,783,3
73,80,353049,1158,3
77,48,354098,736,3
77,47,353679,40,2
71,69,353960,639,2
86,47,354000,120,1
76,51,353664,810,3
73,23,353981,784,4
63,51,354480,662,2
100,61,354720,240,1
101,57,355015,120,2
76,89,355581,60,2
65,77,355305,120,3
86,51,355320,120,1
74,80,355440,551,2
86,79,355220,183,4
64,80,355742,240,3
71,89,355570,1397,3
71,77,356400,1095,2
63,47,356760,40,1
71,47,356800,40,0
61,80,356840,40,2
64,51,356880,120,1
59,15,357000,189,3
69,54,357192,920,3
74,51,357081,120,1
77,60,357600,240,1
86,37,357840,120,1
61,16,358158,60,3
81,57,358080,120,1
74,20,358200,1015,2
75,78,358098,120,3
71,51,358711,591,2
71,19,358694,889,3
69,21,358800,856,2
75,57,359160,120,1
74,39,359280,1110,2
70,17,359400,120,2
70,88,359215,30,3
77,90,359640,120,2
76,78,359512,120,2
75,79,359880,455,3
72,94,360285,120,2
73,57,360120,661,1
81,21,359818,108,2
81,85,360360,108,1
76,36,360858,108,3
81,42,360600,418,2
76,66,361001,108,2
73,30,360746,665,4
81,69,360960,120,0
78,30,361080,433,2
74,23,360993,339,3
71,86,361320,1085,2
76,102,361440,22,2
78,87,361560,40,1
76,33,361600,207,2
75,26,361299,40,2
89,91,361437,298,4
76,61,361800,120,1
69,66,361920,720,0
81,77,362283,228,3
71,18,362640,228,1
71,52,362880,720,0
74,52,362880,1165,2
72,51,363600,240,0
69,51,363840,420,0
60,14,363637,1343,4
70,34,364030,634,4
69,62,364290,304,1
73,68,364320,662,1
76,63,365015,234,2
87,63,364851,80,2
73,66,365040,80,0
74,90,365120,205,2
66,83,365200,80,2
74,66,365337,1076,2
78,62,365155,80,1
76,93,365614,80,2
64,97,365520,80,2
83,100,365600,80,2
70,26,365769,80,3
79,95,365636,60,3
69,63,365820,60,0
71,84,365880,60,1
84,85,365585,60,3
80,35,366000,478,3
83,100,366060,60,2
70,98,366058,60,3
80,67,366047,789,2
88,68,366240,60,1
81,91,366300,60,2
85,107,366360,999,2
83,71,366420,60,0
87,35,366561,60,3
80,70,366379,0,2
76,90,366600,60,2
77,101,366549,60,2
78,44,366301,60,2
80,31,366780,554,2
81,65,366840,60,0
80,64,366900,237,1
69,87,366960,752,3
81,61,367020,60,0
80,59,367080,60,0
75,33,367140,901,3
76,62,367090,60,1
99,52,366908,120,2
81,52,366975,1034,3
81,60,367560,120,0
76,52,367680,60,0
81,52,367800,546,1
76,23,367920,759,2
73,51,368040,265,1
76,28,368061,120,2
74,47,368280,120,0
73,51,368156,454,2
83,83,368520,375,3
64,72,368705,1417,3
71,36,368640,1155,2
84,10,368313,1118,4
69,34,369411,940,2
82,50,373456,60,2
74,47,373170,30,0
73,47,373422,884,2
71,52,373738,928,2
73,47,373440,60,0
88,51,373680,60,1
78,53,373920,240,0
76,46,374160,240,0
81,51,374400,60,1
73,9,374251,2,3
84,79,374880,446,3
87,46,374884,932,3
64,81,375120,120,2
59,50,374780,120,2
71,46,375360,740,1
84,87,375792,0,4
76,50,376214,240,1
87,47,376080,240,1
76,23,376266,422,4
60,70,376560,60,2
61,53,376336,305,3
59,50,376912,963,3
70,89,377897,448,3
71,76,378000,60,1
66,50,378922,852,3
74,1,378818,30,2
73,77,378720,60,1
72,86,378960,734,3
76,74,379307,30,2
73,50,379200,426,2
74,82,379258,60,2
84,55,379996,480,2
71,82,380160,776,2
76,78,380393,120,2
60,63,380760,120,1
67,63,380880,619,2
69,41,380812,897,3
72,46,380736,61,4
57,93,381325,120,3
73,51,381360,120,2
62,64,381480,120,1
80,79,381600,120,1
73,66,381720,120,0
76,81,381840,120,0
73,102,381960,120,1
78,84,382080,120,0
87,107,382638,120,3
86,80,382582,913,3
59,44,382239,851,4
66,111,382560,1009,3
68,40,383075,838,3
51,64,382749,120,2
68,64,382920,646,1
72,51,383040,601,3
80,26,382758,120,3
66,79,383280,675,2
69,63,383400,599,1
71,53,383520,120,2
61,64,383640,685,2
74,80,383760,120,0
72,69,383880,120,1
87,45,383525,120,3
74,84,384120,573,1
73,81,384240,120,0
80,79,384360,120,1
69,82,384931,588,2
69,105,384600,120,2
84,66,384607,831,3
70,46,385043,120,3
66,85,385262,120,2
63,95,385080,464,3
73,91,385149,120,2
71,66,385320,120,0
65,114,385068,120,3
76,69,385560,40,1
81,74,385680,120,0
80,69,385800,1038,2
78,83,385920,120,0
81,71,386040,120,0
74,31,386046,120,2
90,33,386280,120,2
84,84,386094,120,2
89,69,386137,120,2
69,80,386373,258,2
82,69,386760,546,2
71,81,386880,120,0
74,69,387000,120,0
68,81,387404,120,1
68,93,387580,120,3
83,53,387360,120,2
74,69,387480,120,1
48,95,387482,120,3
56,69,387318,120,2
81,119,387840,838,3
73,28,388320,60,1
84,47,388309,30,2
73,13,388560,120,1
75,52,388680,120,1
84,14,388800,691,3
74,51,389040,627,1
83,53,389280,240,1
76,46,389520,240,0
74,72,389479,1048,3
73,12,390145,60,2
71,50,390240,60,0
71,86,390120,486,4
83,46,390288,947,3
72,78,390600,120,2
61,11,390572,60,3
68,76,390960,60,2
89,50,391200,1019,2
74,71,391596,240,2
78,85,391680,737,3
80,47,391920,656,2
68,53,392592,240,1
69,17,392400,60,1
70,77,392880,60,1
71,50,393360,0,1
67,73,393421,60,3
63,21,393741,549,4
73,75,394080,60,1
73,50,394320,60,0
76,41,394530,30,0
82,84,394560,856,3
86,70,394408,188,4
75,81,395255,550,4
63,20,395609,240,3
68,44,396000,120,2
57,102,395779,694,4
51,38,396460,255,4
80,63,396360,120,1
68,78,396480,1031,2
72,43,397076,517,4
74,109,396720,233,2
80,64,396840,781,2
85,112,396960,1059,3
62,35,397080,120,2
76,41,397200,760,2
70,68,397764,188,3
67,57,397440,941,3
63,82,397560,890,2
78,80,397292,120,2
62,79,397800,865,2
59,39,398249,120,3
68,64,398040,120,0
64,64,398160,120,0
68,41,397907,120,2
71,43,398400,120,1
68,35,398378,120,2
73,79,398899,864,2
69,63,398468,997,2
63,80,398880,120,1
72,64,399194,120,2
74,48,398962,635,3
66,45,399240,759,3
76,84,399360,120,0
74,84,399480,120,0
80,81,399600,40,2
71,105,399720,804,2
69,119,400285,1012,3
84,95,399960,120,2
71,103,400080,120,1
69,89,400682,48,3
71,85,399881,120,1
74,66,400440,281,1
64,66,400676,505,3
58,28,400680,1096,3
73,82,401133,225,2
76,69,400920,120,0
93,74,401040,513,2
87,39,401160,120,2
78,83,401280,120,0
93,71,401565,120,2
67,45,401520,120,2
78,71,401797,120,1
73,121,402190,734,3
76,69,401880,120,0
59,80,402129,120,2
74,96,402120,120,2
83,81,402240,498,2
68,47,402489,858,4
68,47,402753,120,2
71,43,402421,120,2
70,79,402720,120,1
64,69,402840,120,0
52,69,403432,120,2
64,94,403080,777,2
69,57,402803,1330,3
75,55,403680,49,2
71,49,403600,893,2
61,80,403920,571,3
74,50,403567,120,1
76,24,403811,120,2
91,25,404280,862,3
80,76,404400,920,2
84,16,404520,598,3
80,56,404201,866,2
78,50,404760,120,0
77,73,404880,120,1
78,50,405000,120,0
77,52,405120,253,1
78,50,405240,602,1
77,52,405040,864,2
89,50,405480,120,1
93,86,405600,120,2
82,13,405720,120,2
87,80,406337,120,3
69,78,406434,120,3
76,89,406227,585,4
81,55,406068,284,2
85,22,406320,120,2
78,29,406440,120,1
87,97,406560,537,3
76,54,406943,249,2
82,58,406800,257,2
76,52,406920,120,0
83,74,406578,294,4
76,50,407160,234,1
75,34,407280,1043,2
87,24,407400,120,2
75,74,407520,120,1
80,72,408011,1107,3
85,75,407760,120,0
88,106,407955,120,3
79,74,408365,944,3
80,74,408120,120,0
78,73,408292,120,1
76,72,408360,120,0
74,74,408480,120,0
80,69,408600,120,0
83,57,408923,60,3
86,36,408840,120,2
86,76,408960,654,2
78,41,409080,724,2
76,41,409108,595,3
74,50,409010,1000,3
83,73,409440,456,2
76,70,409325,514,2
87,37,409432,323,4
80,70,409800,132,0
78,73,410387,132,1
76,71,410040,49,1
74,73,410160,306,1
73,109,410280,132,1
71,50,410337,726,3
71,29,410959,257,4
68,106,410333,435,3
73,64,410760,901,2
64,87,411009,245,3
73,50,411360,60,0
74,47,411570,30,0
73,47,411124,524,2
71,52,411720,120,0
59,9,411600,60,3
62,89,412080,60,2
82,53,411835,240,2
76,46,412894,240,1
81,51,412800,60,1
73,49,413040,60,0
71,50,413280,60,0
73,26,413548,691,3
71,12,413951,120,2
70,50,413958,1106,2
71,46,413760,60,0
70,47,414000,60,1
76,50,414316,240,1
74,47,414756,240,1
73,47,414720,60,0
71,11,415273,60,2
67,53,415200,240,1
69,50,415440,814,1
66,50,416077,60,2
86,40,416370,282,2
73,50,416400,60,0
76,40,417336,383,2
74,50,416628,405,2
83,74,417485,30,3
73,50,417360,60,0
80,69,417374,340,4
71,50,417840,431,1
71,81,418080,1156,2
68,43,418080,480,0
72,17,418320,240,1
79,3,418560,240,2
63,48,418560,1128,2
82,82,418829,120,2
78,104,419160,120,2
76,51,419280,1020,2
73,66,419400,120,0
74,56,419520,120,1
71,41,419843,120,2
78,79,419760,120,0
74,94,419880,442,2
86,116,420080,120,3
87,33,420195,120,3
81,114,419832,120,2
71,39,420360,840,3
80,83,420480,410,1
78,71,420600,279,1
76,71,420720,120,0
74,71,420840,469,1
66,84,420607,703,3
77,97,421080,426,3
69,80,421644,669,2
73,49,421685,537,3
66,47,421440,120,2
74,69,421560,120,0
68,81,421947,120,1
81,109,421671,989,4
68,79,421920,305,2
64,69,422040,685,1
68,93,422609,120,3
64,40,422280,120,1
69,112,422400,529,2
69,55,422880,120,0
71,74,423000,120,1
82,50,423120,721,2
66,50,423240,246,2
67,51,423360,120,1
64,77,423864,429,4
74,53,423600,120,1
81,94,423426,245,3
80,78,423840,120,1
68,50,424377,120,2
82,52,424080,120,1
89,50,424422,779,3
77,52,424320,120,0
78,90,424280,120,2
77,52,424560,120,0
76,86,424680,392,3
81,29,425020,120,2
80,51,424522,1014,2
81,80,425040,321,2
66,19,425403,186,4
83,18,425078,854,3
90,85,425557,413,4
90,77,425917,223,4
78,58,425640,120,0
78,93,425646,607,3
76,54,426035,659,2
85,27,426000,120,2
65,24,426246,867,4
62,75,426240,596,3
76,50,426302,945,2
75,95,426072,847,3
76,51,426600,120,0
76,48,426276,330,3
81,72,426909,120,1
85,75,427056,477,2
83,71,427080,120,0
71,74,427077,317,3
72,74,427179,120,2
78,73,427440,120,0
76,52,427840,348,3
74,96,428051,120,2
80,109,428030,353,3
83,77,427920,120,0
81,73,428040,675,1
90,76,428160,120,1
71,95,427876,178,4
85,73,428400,221,2
60,51,428520,612,3
70,73,428640,598,2
76,70,428862,132,1
72,38,429368,132,3
80,70,428544,213,2
78,39,429340,567,3
76,71,429240,132,0
74,73,429790,132,1
73,70,429480,132,0
61,34,429335,285,4
59,29,430007,132,3
71,66,429714,337,3
66,92,430253,451,3
64,33,430438,120,2
73,22,430560,60,1
74,70,430632,30,2
73,47,431205,120,1
73,87,430920,22,3
61,10,431040,774,3
74,84,431198,60,2
78,81,431520,240,1
76,7,431463,1168,3
72,79,432135,568,4
73,49,432240,60,0
71,50,432480,60,0
75,46,432690,30,1
71,46,432314,120,1
70,73,432840,120,1
71,46,433144,720,2
83,47,433200,266,2
76,50,433440,240,0
65,18,434076,240,3
70,21,434169,60,3
71,47,434160,60,0
68,79,434262,240,2
83,12,434640,699,3
71,17,435120,502,2
72,61,435948,30,2
73,18,435600,893,2
81,4,436050,693,3
74,50,435911,368,2
74,16,436696,805,3
73,50,436312,60,1
73,40,437156,30,1
71,50,437040,60,0
71,51,437280,240,0
56,43,437108,1302,3
86,51,437520,240,1
60,40,437262,240,2
62,24,437409,240,3
73,55,438240,120,1
83,66,438612,228,3
77,81,438183,120,2
73,104,438683,887,3
74,64,438230,120,2
71,66,438840,120,0
68,79,438960,120,1
74,66,439080,120,0
76,82,439200,120,0
73,107,439320,426,2
81,110,439515,120,2
76,69,439560,120,0
66,83,439601,211,3
67,32,440030,120,3
76,71,439920,120,0
78,34,440040,120,2
73,84,440224,120,1
76,69,440623,687,2
72,103,440400,362,3
73,30,440520,1012,2
71,81,440640,120,0
74,69,440760,120,0
68,81,440880,120,0
71,69,441000,110,0
69,73,441120,120,1
59,49,441293,120,2
73,17,441469,120,2
74,22,441480,623,2
76,52,441600,120,0
90,53,441720,120,1
80,94,441918,848,3
70,34,441960,100,2
80,84,442080,1075,2
78,51,442050,120,1
65,55,442320,1077,2
66,76,442544,120,3
76,88,442265,491,4
80,10,442549,701,4
81,32,442353,715,4
78,54,442584,60,1
82,56,443261,527,3
72,47,443160,363,2
88,23,443280,120,2
76,47,443400,120,0
65,80,443520,120,2
73,46,443640,896,1
70,16,443461,982,4
81,83,443659,456,3
68,78,444000,939,3
78,51,444587,1007,2
72,55,444240,120,1
78,18,444837,120,2
83,48,444480,120,0
81,50,444383,120,1
72,52,444720,60,1
78,54,445306,486,2
76,52,444682,356,1
76,52,445320,60,0
78,38,444883,20,1
76,37,445400,974,1
84,67,445490,906,4
76,52,445440,480,0
76,52,446280,0,2
69,9,445901,20,3
74,60,446360,962,2
77,35,446380,86,2
74,52,446306,480,1
73,52,447693,60,1
74,36,447300,20,0
81,11,447320,928,3
64,15,447615,20,3
73,52,447360,480,0
71,52,447747,60,1
76,35,448260,20,1
81,14,448280,20,2
64,35,448787,20,2
71,15,448553,952,3
76,34,448846,120,2
77,93,449040,120,2
76,64,449160,120,0
78,71,449280,120,0
79,64,449400,120,1
76,64,449520,178,2
76,64,449255,120,1
74,60,449880,120,0
61,38,449915,120,3
79,25,450120,826,3
76,71,450240,120,0
74,64,450360,944,1
65,87,450480,120,2
78,25,450279,120,3
73,60,450840,120,0
72,51,450601,1025,3
71,64,451080,120,1
70,42,451436,120,3
74,34,451320,671,3
77,64,451056,120,2
72,64,451866,421,3
71,60,451800,120,0
70,107,452415,858,3
71,44,452295,588,3
59,101,452221,120,3
71,100,452280,120,1
70,64,452400,120,0
71,34,452052,179,3
61,49,452853,120,3
73,50,452880,120,0
69,49,453000,490,1
83,26,453019,414,4
74,48,453240,120,0
61,48,453360,502,2
68,80,453636,60,2
56,20,453600,480,2
68,88,454080,639,2
71,30,454080,120,1
76,80,454080,120,0
69,99,454560,905,2
79,73,454358,120,2
67,111,454493,868,4
90,86,454198,804,3
64,92,454544,456,4
59,50,454640,411,3
84,20,454898,120,3
81,50,455160,888,2
71,50,455280,60,0
77,50,455816,60,2
69,62,455974,26,2
68,70,456410,654,2
71,70,456000,120,0
76,82,456370,903,2
69,35,456480,937,2
61,75,456204,1073,3
76,75,456480,120,0
81,111,456594,120,2
65,45,0,360,1
64,38,81,1476,2
46,35,33,120,2
49,61,480,959,3
58,29,132,240,2
64,29,223,1302,2
74,39,898,480,2
69,8,1200,216,2
64,23,1200,216,0
47,74,1440,823,3
64,71,1782,480,2
45,38,1800,448,2
56,38,1802,240,1
64,32,1920,143,1
64,36,2160,480,0
59,38,2160,480,0
64,28,2640,216,0
59,9,2565,216,2
60,80,3032,480,3
64,36,3125,786,2
64,7,3360,240,1
54,38,3502,240,1
56,67,3748,1375,3
64,39,3877,480,1
56,41,4251,240,1
51,9,4080,240,2
64,38,4024,776,2
64,14,4016,578,4
50,73,4924,240,2
60,67,5040,1510,3
64,38,5575,480,1
61,45,6179,360,2
64,3,6120,120,2
57,67,6000,182,4
64,35,6303,527,3
61,39,6480,480,0
64,54,6480,913,2
64,0,6960,971,2
61,8,7373,216,2
62,45,7104,632,3
64,38,7200,480,0
57,77,7560,416,2
64,3,7680,240,1
60,71,7784,240,3
57,8,7920,1371,3
53,69,7920,1010,3
64,0,8507,216,2
59,31,8660,779,2
64,10,8640,1349,2
47,45,8640,654,2
70,49,9170,240,2
64,86,9120,240,1
48,34,9425,561,4
64,55,9360,480,0
60,24,10004,878,4
52,46,10080,480,0
37,0,10660,333,4
45,60,11044,480,2
52,38,11520,360,1
64,0,11520,1340,2
59,29,11880,604,1
54,0,12000,240,2
64,0,11503,240,2
64,29,12643,671,2
61,33,12240,480,0
64,0,12720,1165,2
71,0,12720,216,2
62,32,13268,480,2
54,67,12960,473,3
57,32,12948,803,2
64,27,13314,240,1
56,32,13898,240,1
70,62,13680,480,2
64,61,14140,1350,3
64,53,13894,216,2
57,26,14160,216,1
64,0,14400,480,1
60,62,14131,1091,4
54,32,14880,240,0
64,67,15085,888,3
56,33,15541,1431,3
45,39,15588,480,2
64,0,15997,240,2
56,34,15351,240,1
44,38,15840,539,2
71,32,15840,801,2
50,32,16320,981,1
48,38,16560,720,1
57,45,17280,360,0
64,38,17280,480,0
50,35,17879,631,3
64,58,17503,838,3
57,35,17760,141,1
61,16,18000,480,1
52,35,18000,733,2
61,32,18480,216,0
63,3,18480,1202,3
54,70,18803,1364,4
43,45,18527,757,3
57,38,19080,120,0
64,32,18862,1190,2
64,38,19200,240,1
59,74,19440,1255,2
64,63,19735,480,2
48,31,19920,216,1
64,0,19920,216,1
64,75,20160,480,1
54,45,19999,991,2
74,49,20340,179,3
56,82,20640,240,1
71,55,21379,1472,3
64,55,20880,480,0
50,24,21360,240,1
60,46,21600,480,1
40,74,21754,1105,3
41,34,22320,480,1
50,73,23040,760,3
60,57,23280,368,3
66,66,23520,1165,3
59,75,23453,299,4
62,3,24000,856,2
66,32,24240,240,0
57,39,24480,240,0
62,33,24720,1071,1
66,61,24700,619,3
57,37,25200,240,0
55,32,25817,1122,3
64,32,26065,978,2
61,74,25920,1201,2
57,81,25920,480,1
49,43,26805,480,2
55,43,26640,871,2
55,50,27073,806,3
47,17,27686,853,4
67,48,27840,220,1
57,48,27675,493,3
50,13,28080,1066,3
52,40,27921,776,2
43,45,28800,360,1
64,78,29099,480,2
63,35,29335,221,3
54,35,29610,240,2
64,49,28893,240,2
65,35,29594,1035,3
53,77,29589,480,3
64,0,30000,880,2
54,32,30000,826,2
64,38,30240,480,0
44,24,30450,360,3
48,5,30600,120,2
56,38,30720,240,0
67,67,31035,240,3
55,40,30960,382,2
78,36,30835,1458,3
64,28,31440,883,1
47,6,31440,733,3
71,65,31629,480,3
58,25,31224,480,3
56,14,32160,644,2
74,49,32160,240,1
43,55,32400,1275,2
64,75,32400,480,1
47,28,32700,661,4
50,66,32728,925,4
40,45,33600,240,0
45,3,33840,720,1
57,57,34803,480,1
45,48,34871,1307,2
60,53,35040,892,2
59,63,35040,240,0
57,79,35280,410,3
51,69,35524,664,3
62,38,35760,240,0
50,0,35456,416,3
43,10,36000,480,2
61,81,35843,1389,3
49,61,36897,925,4
52,34,36480,240,0
52,40,36422,1177,3
57,69,36720,480,1
57,39,37344,240,1
61,33,38051,832,2
64,62,37791,1185,3
63,12,38225,1225,4
65,3,38400,959,3
78,52,38942,240,3
54,0,38959,240,3
62,33,38982,496,2
63,12,39360,240,2
64,59,39191,240,3
61,12,39840,1202,2
64,0,40080,120,1
57,24,40320,1133,2
71,51,39888,748,3
65,43,41040,563,2
56,43,41040,932,1
57,90,42003,1235,3
61,50,41760,480,0
63,80,42461,831,3
42,48,42240,220,1
52,40,42480,696,0
66,80,42480,835,3
64,0,43354,480,2
47,9,43200,668,3
59,29,43560,120,0
64,52,43680,240,1
43,29,43680,240,1
66,0,44219,1350,4
64,60,43920,480,1
61,26,44400,216,0
66,23,44400,880,2
56,63,44640,574,2
64,32,44640,764,1
57,1,45458,120,2
69,32,44650,240,2
64,27,45585,240,1
59,6,45728,1111,3
64,56,45360,480,1
59,26,45957,344,2
77,23,46015,1025,3
74,37,45826,830,3
54,77,45830,480,2
68,14,46285,1102,4
62,49,46560,1011,2
64,76,47035,480,2
57,55,46800,480,0
50,55,47044,240,1
52,82,47520,1142,2
40,21,47882,240,2
45,48,48240,1599,1
57,28,48638,1418,3
45,48,48960,1454,1
43,53,49511,240,2
59,63,49440,240,0
49,57,49680,480,0
61,44,49680,480,1
62,18,50622,240,2
64,6,49674,240,3
52,32,50400,480,0
61,69,50400,670,2
52,4,50567,240,2
62,36,50880,1210,1
61,0,51599,480,2
57,30,51120,480,0
64,18,53520,90,1
57,30,53520,90,0
61,0,54329,90,2
64,75,54240,90,1
56,58,54960,90,1
64,61,54705,1050,3
59,30,55680,90,0
63,39,55518,90,2
54,34,56336,90,1
65,9,56562,90,3
67,46,56816,90,2
56,0,57120,90,1
64,42,57842,480,1
54,33,57851,480,2
54,39,58080,1237,1
50,3,58304,240,2
50,0,58157,1343,4
62,2,58320,480,2
32,85,59040,120,2
57,96,59160,184,2
57,21,58977,836,3
57,59,59400,90,0
57,59,59520,278,1
57,26,59724,302,3
45,65,59760,120,0
57,59,59510,90,1
57,59,60000,90,0
44,35,60120,90,2
47,34,59763,90,3
57,87,60360,1041,2
40,65,60480,120,0
43,30,60600,35,3
52,95,60720,90,1
53,57,60840,788,2
49,83,60960,1081,3
52,57,61080,733,1
39,37,60744,639,4
63,32,61320,90,2
48,58,61847,90,2
50,35,61560,727,3
61,95,61412,141,4
52,86,61887,90,2
42,65,61438,120,1
58,31,62433,90,3
54,33,62578,90,2
55,31,61869,90,3
44,30,62400,1030,2
56,57,62520,120,0
45,65,62640,120,0
57,58,62760,90,0
57,85,62880,978,2
70,83,63123,281,4
38,65,63120,120,0
50,86,63240,656,2
40,65,63360,120,0
54,19,63608,90,3
48,58,63209,90,2
38,33,63720,892,3
40,65,63840,120,0
52,77,64103,578,3
33,75,64080,240,0
33,67,64600,240,2
66,66,65040,90,2
62,67,65531,90,3
61,30,65760,90,0
64,39,65286,90,1
56,30,66480,90,0
64,39,66480,90,0
59,30,67558,90,1
68,39,67472,90,2
54,73,67710,467,3
62,65,67484,983,4
52,75,68640,90,2
56,35,68640,90,0
64,42,68844,480,1
60,33,69497,480,2
58,39,69306,1121,3
50,33,69600,240,0
66,74,69840,873,3
55,6,69840,883,3
45,85,70722,949,3
57,59,71172,90,1
65,59,70800,430,2
57,59,70677,90,1
57,59,71040,90,0
48,80,71160,1085,3
56,86,71280,1067,3
57,23,71017,298,3
57,59,71520,90,0
49,36,72066,0,4
50,29,71760,714,3
57,58,72208,90,1
40,65,71651,785,2
52,57,72556,153,2
40,82,72410,213,4
52,78,72167,957,3
52,89,72835,883,3
52,57,72497,90,1
43,28,72720,120,2
46,25,72840,480,3
52,88,72960,271,2
52,58,73080,90,0
52,58,73348,90,1
52,58,73320,90,0
42,65,73390,120,1
54,57,73560,186,1
41,35,73438,543,4
54,57,73565,705,2
44,65,74300,957,2
56,25,74040,120,1
39,65,74160,418,2
57,58,73955,595,2
57,58,74400,0,1
57,59,74313,90,1
38,65,74640,120,0
51,59,74760,1086,2
46,35,74880,120,2
52,58,75398,716,2
52,24,75070,90,2
52,28,75240,90,1
40,85,75360,120,1
52,56,75613,706,2
33,50,75209,890,3
49,67,75840,240,1
69,39,76560,919,2
56,30,76687,10,3
61,61,77482,902,4
61,39,77110,90,2
66,62,77760,90,1
57,0,77935,687,3
57,0,77743,90,2
64,0,77708,330,3
57,45,78240,90,1
72,29,78732,595,3
61,3,78605,90,2
70,31,78720,264,2
57,46,79200,720,0
71,79,79200,1657,3
61,18,78756,1326,3
64,51,80236,720,1
53,43,79839,1423,3
62,43,80353,1414,2
57,27,81007,1114,4
61,18,80640,1077,2
68,55,81120,240,2
64,53,81259,319,4
77,31,80933,240,2
64,40,81360,720,0
52,34,81360,1170,1
51,30,81887,90,2
64,13,82320,568,2
64,59,82590,90,2
61,9,83040,90,1
64,15,83941,90,2
56,34,83569,223,2
70,6,84480,90,2
59,34,84602,830,2
41,6,85010,240,3
68,87,85018,240,3
56,19,85440,240,1
68,81,85072,240,3
60,45,85540,240,2
51,19,85920,450,3
59,89,86160,187,2
64,75,86160,570,3
44,83,87140,706,4
39,9,86192,1075,4
56,51,86994,468,2
56,43,86880,240,1
69,61,87615,240,2
52,94,87360,240,1
45,27,87759,350,3
33,71,87840,120,0
55,60,87756,90,2
52,60,88080,90,1
45,60,88200,90,0
35,67,88320,393,1
44,59,88911,120,2
37,66,88239,64,2
57,25,88898,951,4
57,57,88945,528,3
62,57,89212,1082,3
39,32,89040,120,2
50,62,89160,120,0
40,69,89280,120,0
41,92,89400,90,2
52,55,89156,792,2
52,55,89640,90,0
40,64,89760,878,1
52,55,90176,120,1
33,73,90000,646,1
45,27,90690,240,2
63,69,90960,1020,3
61,39,90960,1040,1
62,39,91680,605,1
57,0,91680,714,2
53,26,92160,815,2
52,54,91827,315,4
57,45,92400,90,1
64,9,92400,90,1
72,29,92805,781,3
45,24,92640,90,1
61,37,93120,347,1
48,0,92862,90,3
56,79,93375,1012,4
61,81,93497,720,2
57,46,93600,720,0
59,3,94088,902,3
63,14,94573,720,3
50,4,94320,1096,3
61,19,94568,1195,3
64,59,95040,716,1
54,62,95520,240,1
63,31,95520,686,1
57,26,95520,240,0
57,34,95760,720,1
64,68,96150,1496,3
50,30,96492,90,2
69,6,97062,90,3
64,39,97440,90,0
61,60,97179,90,2
57,44,97939,90,2
56,34,98160,642,1
59,34,98880,1017,1
64,44,98880,90,0
64,53,100099,240,1
44,23,99600,240,2
67,43,99840,374,2
64,51,100339,531,2
56,15,100320,427,2
60,20,100320,308,3
36,44,100694,240,2
59,81,100876,240,2
57,57,101040,240,0
62,70,101377,240,3
54,28,101280,240,2
52,68,101280,240,1
51,32,101520,240,2
52,55,102043,373,2
51,55,101563,240,2
33,38,102240,1078,2
45,81,101926,90,2
45,60,102480,768,1
41,35,102544,90,3
33,67,102720,684,2
47,59,102788,120,1
35,66,103021,120,2
49,59,103080,90,0
49,93,103200,447,2
51,19,103320,560,3
38,28,103054,1042,3
41,62,103138,896,3
31,69,103804,120,2
49,55,103800,13,2
52,55,104174,639,2
52,55,104040,90,0
32,100,104160,487,3
44,27,104221,120,3
33,46,104723,240,2
37,67,104469,240,2
57,67,106663,256,3
63,0,106640,930,2
61,31,106720,543,2
57,40,106644,96,1
63,30,106880,96,0
68,30,106909,80,2
67,17,107040,96,2
71,30,107526,561,3
64,30,107200,1050,1
52,41,107223,182,3
61,29,107360,96,1
72,29,107223,80,2
64,73,107520,961,3
63,66,107451,475,3
64,31,107758,80,1
45,62,107760,96,2
50,13,108184,798,4
64,36,108134,80,1
53,18,107709,671,4
63,66,107866,779,3
64,31,107786,137,2
56,66,107944,594,3
52,0,107966,0,4
77,33,108400,80,1
65,0,108480,96,2
73,71,108923,96,3
64,0,108885,187,3
59,22,108977,1025,3
63,34,109053,1001,2
59,34,109353,80,2
50,76,109063,884,4
57,70,109040,96,2
64,3,109519,371,3
59,16,109200,837,3
63,5,109141,1002,3
64,57,109360,528,2
45,44,109440,961,2
63,60,109277,905,3
61,33,109468,503,3
54,40,109983,359,2
60,74,109760,96,2
64,8,109840,80,1
54,64,110206,96,2
63,35,109948,1076,2
54,36,110022,80,2
43,44,110079,96,2
62,1,110240,490,2
54,35,110320,80,1
56,78,110271,96,2
62,0,110480,721,2
64,35,110560,828,1
47,18,110828,417,4
62,11,110792,96,2
64,61,110800,80,1
57,44,110880,96,0
61,57,110901,96,2
71,0,110594,738,4
68,79,110793,96,3
61,72,111200,96,1
64,33,111280,80,0
62,13,111360,96,2
65,12,111440,755,3
59,37,111520,80,0
52,44,111600,559,1
61,40,111877,96,2
61,40,111760,80,0
52,44,111840,375,1
55,42,111852,96,2
61,44,111727,80,1
52,48,112080,96,0
56,41,112160,96,0
68,42,112240,80,1
50,52,112320,584,3
56,67,112530,30,0
57,48,112614,120,2
45,74,112594,120,1
56,67,113250,283,1
62,92,113280,120,2
35,74,114013,575,3
51,95,113940,30,1
59,45,114000,120,2
44,95,114178,554,4
51,67,114660,30,0
52,104,114507,120,2
40,109,115200,120,1
50,23,115453,30,3
54,68,115440,120,0
55,82,115620,60,1
56,70,115849,382,2
45,74,115920,120,0
56,63,116100,30,0
61,67,116160,120,1
38,63,116340,60,1
50,69,116471,120,1
40,74,116640,120,0
45,95,116820,30,2
56,103,116591,558,4
51,27,117060,895,2
52,68,117120,120,0
47,109,117445,120,3
39,29,117540,503,3
45,67,117600,120,0
70,44,118168,96,2
63,33,118160,96,0
64,33,118240,80,0
62,40,118651,96,2
52,32,118400,671,2
64,32,118480,928,1
59,40,118120,897,2
63,52,118640,96,1
64,32,118720,15,1
61,3,118800,96,1
63,10,119255,96,2
73,5,118615,825,4
71,40,119040,96,1
61,50,119120,96,2
64,28,118965,0,2
57,8,119280,478,2
57,0,118965,252,4
64,61,119847,80,2
56,44,119520,96,0
67,33,119600,647,2
72,33,119331,80,2
56,71,119760,96,1
63,33,119840,96,0
53,33,119477,80,2
54,40,120000,96,1
63,66,119650,639,3
64,69,120645,208,3
50,45,120240,96,1
63,34,120320,96,0
75,34,120043,80,2
72,38,120480,400,2
65,6,120560,440,3
68,31,120564,80,2
59,40,120720,194,2
55,3,120800,659,3
64,36,120880,80,0
42,15,121121,213,4
63,35,121040,96,0
64,1,121120,475,2
40,40,121200,96,1
63,0,121280,430,2
64,32,121360,80,0
64,3,121440,96,2
57,32,121470,96,2
63,32,121996,80,2
56,23,121744,96,2
62,4,121947,96,2
64,34,121840,80,0
56,76,121920,1008,2
64,54,122000,0,3
64,62,122080,698,2
56,40,122160,96,0
62,32,121805,1052,2
64,6,122605,80,2
67,10,122464,96,3
68,10,122480,858,3
64,33,122560,80,0
57,61,122640,986,2
71,5,122324,828,4
64,35,122674,80,1
58,77,122681,577,4
44,37,122707,970,3
59,37,123040,80,0
41,44,123120,45,2
63,40,123200,96,1
61,3,123206,1035,3
50,44,123360,260,2
57,68,123440,546,2
70,13,123520,80,2
52,23,123906,96,2
56,78,123769,96,2
71,76,123759,80,2
50,52,123840,120,2
61,67,124050,0,2
62,108,124080,120,2
41,34,124560,120,2
56,31,124770,30,1
43,44,124800,120,2
40,74,124963,689,2
51,67,125460,30,0
52,74,125520,120,0
26,74,126218,120,2
51,97,125933,30,2
52,72,126240,120,0
40,74,127014,560,2
53,59,126779,823,2
47,68,126467,120,2
47,62,127140,436,2
51,47,127200,1065,3
45,74,127741,721,2
56,98,127786,188,3
54,67,127919,975,3
49,63,127860,60,0
50,69,127920,813,1
40,74,128160,120,0
51,62,128340,30,0
49,67,128332,936,3
52,61,128436,60,2
64,101,128640,120,2
33,102,129182,120,2
39,61,129060,941,2
45,27,129120,317,2
57,37,130080,928,2
61,30,129680,96,0
76,60,129536,80,3
57,76,130172,96,2
59,30,129920,96,0
62,30,130000,80,0
64,14,129992,96,3
53,53,130327,96,3
61,0,130240,80,2
57,38,130412,96,1
62,28,130088,96,1
66,28,130965,80,1
57,35,130911,96,1
75,28,131010,700,3
66,58,130452,192,3
63,38,131053,563,3
64,66,130880,511,3
66,32,130960,80,0
61,74,131338,519,4
53,4,131120,96,2
69,73,131200,462,2
51,38,131280,96,1
64,33,131360,96,0
55,3,131440,80,2
53,10,131420,96,3
57,0,131600,778,3
66,31,131930,80,1
65,36,131337,96,2
61,27,131840,96,0
64,27,132272,135,2
57,35,132445,442,2
61,28,132080,906,1
74,28,132653,914,3
52,10,131747,96,3
61,33,132320,96,0
64,33,132613,539,2
57,42,132480,96,0
61,34,132697,569,2
64,5,132640,80,1
60,38,132720,643,2
61,33,133041,214,2
64,33,132880,598,1
57,60,133354,745,3
61,34,133040,500,1
64,35,133120,853,1
59,1,133289,96,2
62,3,133014,1039,3
64,37,133773,905,2
49,44,133830,355,3
67,1,133520,784,3
64,39,133600,80,0
69,83,133410,96,3
62,2,133760,96,1
51,42,133447,515,3
57,71,133920,96,1
66,40,134000,96,1
64,40,134080,80,0
57,73,134160,96,1
48,66,134526,96,3
64,33,133878,850,2
54,9,134291,96,2
57,29,134480,96,0
54,29,134560,562,2
52,43,134640,720,1
51,29,134640,720,1
57,74,135055,96,2
57,34,135440,1033,2
64,34,135520,80,0
57,40,135600,96,0
63,31,135680,96,0
64,11,135490,392,3
52,40,135840,832,2
61,0,135920,96,2
55,56,135932,660,4
54,41,136080,230,2
63,31,136479,524,2
76,7,136240,80,2
61,40,136320,96,0
63,30,136400,96,0
64,66,136906,80,2
68,19,136560,905,3
55,64,136343,225,4
67,35,136310,312,3
56,44,136800,96,0
76,0,136973,416,4
74,58,136960,0,3
55,20,136756,466,4
57,35,137120,1056,2
64,35,137200,80,0
58,40,137280,96,1
63,33,137360,96,0
59,7,137607,80,3
71,45,137520,96,1
63,34,137600,96,0
54,34,137404,399,3
59,17,137760,96,1
63,68,137840,222,2
64,49,137920,142,2
61,40,137832,341,3
63,35,138295,766,2
64,35,138160,80,0
54,12,138240,962,2
63,35,138320,96,0
52,35,138838,80,2
44,12,138480,507,3
61,35,139033,96,2
64,34,138640,521,1
47,40,138720,1068,2
62,35,138800,96,0
64,35,138880,287,1
57,44,139304,96,1
57,35,139461,96,2
71,33,139120,166,2
57,3,139267,96,2
61,33,139280,841,1
64,33,139360,80,0
50,17,139276,833,3
54,64,139520,96,1
59,56,139600,271,2
63,64,139680,363,3
57,35,139760,247,1
61,70,139840,80,1
52,40,139920,96,0
57,9,140229,1077,3
61,35,140253,970,2
52,40,140160,96,0
66,13,140240,1025,3
62,35,140320,80,0
71,71,140400,1121,3
49,34,140891,969,3
51,0,140400,1587,3
61,20,140880,1160,2
42,74,141120,120,1
60,59,141300,30,1
60,44,141360,466,3
58,62,141540,60,0
59,70,141393,393,2
60,40,141690,120,3
74,37,142020,30,2
61,67,142080,219,1
57,93,142260,110,3
69,69,142405,912,3
40,106,142560,1015,2
53,62,142740,30,1
52,67,143063,206,2
51,61,142980,60,0
61,68,143040,998,2
26,74,143049,120,2
44,61,143341,0,2
47,67,143837,120,2
57,66,144000,933,2
61,63,144407,96,2
64,32,144618,140,2
57,4,144088,96,2
59,30,144320,96,0
62,30,144400,80,0
57,38,144480,298,1
61,30,144560,96,0
64,69,144153,80,2
52,38,144720,96,1
62,0,144566,96,2
62,49,144880,802,3
57,35,144960,96,0
62,28,145308,96,1
66,26,145427,80,1
57,38,145633,433,2
73,32,145703,1051,3
66,32,145360,80,0
46,8,145440,494,3
55,8,145419,220,4
69,32,146056,386,2
57,38,145927,96,1
68,66,146207,96,3
68,0,145479,80,2
57,38,145920,96,0
62,34,146000,168,1
53,65,146080,80,2
57,36,146160,1069,1
61,27,146566,680,2
78,27,146320,80,1
65,70,146400,827,3
57,50,146480,96,2
75,28,146445,877,3
57,68,146640,601,2
61,32,146720,365,1
69,32,146800,648,2
48,77,146775,297,4
61,65,147452,650,3
64,33,147420,80,1
57,18,147120,96,1
63,60,146832,96,3
64,0,147084,80,2
57,65,147038,548,3
64,34,147640,96,2
59,72,147520,80,2
67,41,147600,14,2
49,57,147680,96,2
53,37,147760,320,2
59,18,148094,1026,3
49,37,148304,96,2
64,39,148000,80,0
56,67,147865,988,4
62,18,147932,96,2
64,42,148240,80,0
57,47,147868,991,2
61,67,148705,96,2
64,40,148480,398,1
57,47,148560,727,1
61,70,148158,355,3
64,10,148720,938,2
65,38,148998,359,3
57,29,148880,96,0
63,2,149417,425,3
52,0,149315,1212,3
64,29,149040,720,0
50,6,149760,96,2
75,72,150255,96,3
64,32,150128,80,1
57,40,149721,251,2
65,32,150413,948,3
64,32,150518,80,1
59,40,149839,223,2
63,0,150514,96,2
73,34,150165,846,3
55,5,150054,96,3
63,56,150560,96,1
64,55,150563,80,2
56,40,150270,96,2
58,0,150800,96,2
64,7,150880,1030,2
57,40,150960,96,0
63,36,150749,96,1
64,0,151120,911,2
56,44,151200,96,0
63,33,151280,96,0
50,33,151360,894,2
55,40,151440,96,1
63,0,151048,96,2
71,62,151801,545,4
57,40,151680,411,1
59,33,151760,236,2
64,33,151840,308,1
59,65,151920,849,2
71,0,151698,891,4
64,33,151709,24,2
59,38,152160,96,0
55,0,152328,96,3
64,29,152320,916,1
56,20,152749,96,2
63,74,152734,589,3
50,36,152899,268,3
54,44,152640,96,0
68,59,152720,96,2
61,34,152800,80,1
58,74,152880,698,3
63,33,152960,96,0
59,0,153040,80,2
54,77,153303,810,3
62,33,153200,167,1
64,56,153730,937,3
60,78,153204,96,3
58,35,153822,955,3
64,33,153520,80,0
57,4,153600,96,1
57,33,153844,96,2
64,33,153844,80,1
51,40,154256,96,2
54,1,154184,96,2
72,31,154363,80,2
46,44,154080,206,2
68,33,154160,680,2
49,0,154240,368,3
52,13,154320,452,2
57,35,154400,96,0
61,0,154316,666,3
52,69,154560,1082,2
56,9,154943,972,3
50,69,154609,80,3
62,7,154800,480,1
64,34,154800,720,0
54,34,154742,798,3
61,25,155280,816,2
34,111,155520,120,2
45,95,155700,30,2
57,43,155760,35,2
58,62,155940,293,1
63,70,156000,120,1
52,74,156240,120,0
58,97,156420,856,3
61,41,156272,208,3
61,63,156660,60,0
62,69,157139,120,1
44,74,156960,815,2
51,28,157140,30,1
59,92,157050,120,3
40,61,157380,60,1
49,68,157440,120,1
23,74,157680,120,1
51,29,158029,30,3
50,38,157680,120,3
57,43,160023,120,1
64,34,159960,274,1
69,80,159641,821,4
64,0,160613,120,2
57,72,160320,392,2
64,34,160928,237,2
57,81,160337,120,2
53,36,161132,120,2
60,61,161207,235,3
64,71,160920,238,2
57,67,161161,120,2
64,36,161160,120,0
52,43,161280,964,1
64,34,161492,120,1
46,8,161520,120,2
64,35,161640,120,0
52,41,161760,862,1
64,3,161880,975,2
52,42,162000,120,0
58,0,162607,198,4
55,9,162240,120,2
57,2,162360,641,3
52,1,162480,860,2
64,36,162913,722,2
64,43,162720,120,1
64,34,162840,120,0
60,40,162536,843,2
64,9,163080,680,2
44,41,163604,120,2
64,0,163320,968,2
73,42,163440,120,1
64,66,163560,610,2
48,41,163680,1051,2
64,36,163711,120,1
59,41,163920,120,0
56,1,163979,120,3
60,43,164160,120,0
64,34,164280,120,0
55,40,164400,120,1
64,63,164520,120,1
57,41,164640,120,0
77,34,165208,317,3
52,42,164880,120,0
72,1,164746,120,3
63,41,165120,120,0
51,36,165315,1110,3
52,41,165360,120,0
76,4,165480,424,3
57,41,165600,120,0
64,33,165781,120,1
48,6,165840,313,3
66,36,166206,120,2
51,70,165651,120,3
54,36,165841,120,2
57,80,166320,1001,2
78,78,166440,388,3
60,46,166560,120,0
64,40,166680,120,0
57,19,166800,893,2
67,40,166920,120,1
52,49,167040,120,0
64,6,167372,507,3
72,46,167280,120,1
64,40,167400,120,0
52,72,167921,529,3
64,18,167640,1098,2
52,48,167760,120,0
76,20,167880,120,2
70,27,167667,120,3
58,9,168120,120,2
64,47,168240,120,1
64,67,168360,120,1
68,49,168645,120,2
64,4,168600,120,1
60,46,168720,120,0
60,72,168578,329,4
56,47,168960,120,0
54,39,169080,120,1
56,16,168727,120,3
73,41,169320,120,1
60,47,169838,120,1
52,41,169172,120,2
53,85,169680,573,2
65,41,169800,120,1
47,49,170264,892,3
62,69,170040,120,2
57,46,170160,199,1
57,40,170280,820,2
56,47,170867,830,3
59,60,170247,691,3
45,77,171084,30,2
57,32,170601,30,3
47,86,170741,225,4
57,54,171000,30,0
58,60,170697,60,2
57,43,171059,120,1
64,73,171638,889,3
60,19,171269,120,2
64,35,171720,288,1
57,41,171840,120,0
64,34,171475,120,1
57,42,172279,418,2
51,4,172200,242,3
60,41,172320,120,0
64,36,172440,532,1
64,75,172560,120,2
64,36,172988,328,2
52,43,173082,704,2
64,34,173119,120,1
49,1,173040,255,3
64,35,172831,1040,2
59,41,173756,120,2
77,14,173507,120,3
52,42,173520,120,0
60,2,173481,1115,4
59,9,174079,883,3
61,0,173880,642,3
43,41,174000,342,2
64,64,174215,120,2
57,43,174240,120,0
57,9,174360,233,3
70,15,174480,120,2
64,13,174299,120,2
57,21,174243,210,3
64,5,174920,693,3
68,14,174960,120,2
67,36,175515,120,2
69,41,175200,504,2
64,0,175320,120,1
59,10,175440,120,1
55,36,175628,999,3
57,43,176078,754,3
77,34,175953,396,3
59,70,175608,120,2
64,55,176040,120,1
57,41,176160,120,0
64,12,176280,513,2
57,18,176770,194,4
64,73,176248,120,2
59,74,176640,120,2
59,36,176593,120,2
51,41,177336,120,2
64,10,176635,120,2
48,41,177120,703,2
51,13,177240,120,2
60,1,177711,120,2
64,70,177849,949,3
57,43,177600,120,0
76,58,177787,120,3
57,46,178259,120,1
64,39,177755,120,1
60,78,178080,120,1
67,5,177777,724,4
57,72,178000,983,3
64,40,178440,120,0
50,49,178614,120,2
64,59,178680,120,1
59,46,178800,622,1
75,7,178920,120,2
58,47,178842,120,2
64,72,179521,120,2
39,48,179031,120,2
64,1,179868,120,2
59,47,179520,120,0
64,74,179640,722,2
52,47,179760,120,0
65,19,179880,120,2
45,80,180000,482,3
64,39,180120,120,0
60,46,179781,120,1
64,40,180360,398,1
56,47,180751,120,1
68,73,180600,70,3
57,80,180797,120,2
64,14,180840,120,1
60,47,180960,228,1
64,41,181080,789,1
41,11,181200,674,3
48,74,180961,624,4
52,21,181440,120,1
60,79,181407,120,2
57,66,181680,120,1
54,61,181800,866,3
52,69,182039,120,2
69,39,182040,1088,2
53,54,182160,30,1
48,15,181844,30,2
66,57,182892,570,3
57,18,182520,30,1
45,60,182640,60,0
57,37,182880,720,0
68,80,182934,1254,4
64,77,183692,240,3
57,74,184070,720,2
62,24,183300,624,3
54,34,184320,880,2
65,41,184320,416,1
64,39,184440,120,0
70,41,184354,120,2
78,10,184680,520,3
59,41,185218,120,2
62,0,184920,830,2
45,34,185040,1193,2
75,41,184863,298,3
58,10,185160,120,2
69,75,185280,120,2
60,18,185311,120,2
59,41,185520,120,0
47,38,185640,682,2
49,41,185474,413,3
67,0,185513,1537,4
62,39,185880,120,0
64,39,186000,120,0
61,70,186217,120,3
60,39,185777,240,1
59,34,186743,120,1
70,28,186480,120,1
70,30,186600,469,2
74,36,186688,120,2
59,31,186380,120,1
62,64,186720,120,1
76,2,186477,819,4
46,55,186840,120,2
76,10,186960,240,2
69,40,186960,240,1
72,69,187200,240,2
73,32,187200,1230,2
56,34,187325,240,1
59,41,187235,316,3
66,67,187911,240,3
64,44,187505,611,2
65,13,187859,360,3
52,0,188400,180,1
57,77,188640,120,1
68,10,188513,1100,4
60,40,188880,120,0
64,35,189000,120,0
51,41,189120,840,2
75,34,188796,120,2
57,21,189360,786,2
66,36,189954,120,2
60,16,189600,120,1
76,7,189720,329,3
54,41,189749,989,3
53,36,189960,120,1
52,43,190248,120,1
64,34,190200,120,0
70,40,190684,120,2
64,35,190825,120,1
52,9,190560,856,2
64,34,190680,120,0
60,3,191095,297,4
64,63,191129,120,2
59,78,190914,120,2
64,36,191160,120,0
66,4,191280,120,2
54,64,191795,120,3
71,43,191093,120,2
64,34,191640,120,0
73,61,191816,1064,4
64,6,191880,120,1
56,41,192178,196,2
78,12,192456,120,3
57,42,192240,120,0
63,36,192695,120,2
60,41,192480,120,0
64,36,192496,120,1
53,41,192525,371,2
62,36,192840,120,0
52,43,192960,120,0
60,34,192941,120,1
59,15,193200,789,3
60,35,193320,774,1
56,20,193833,120,3
46,34,193974,120,2
50,46,193680,480,1
45,80,193680,480,1
45,24,194400,678,2
52,77,194137,971,3
48,67,194640,120,1
52,20,194601,120,2
44,77,194731,60,3
52,39,195315,120,1
34,48,195249,1079,3
52,41,195240,120,0
48,47,195266,304,2
56,41,195564,811,3
41,26,195600,120,1
50,41,195720,120,0
40,22,195840,702,2
48,39,195960,220,1
44,79,196080,120,2
56,40,196200,311,2
28,71,196320,120,2
54,39,196097,120,2
38,54,196560,853,2
25,52,196680,30,1
41,57,196800,30,1
40,54,196920,295,2
33,60,197040,60,0
57,37,197280,720,0
64,64,197280,974,3
61,44,197760,240,0
57,37,198000,720,0
53,15,198000,1671,3
54,41,198720,354,2
69,60,199060,720,3
67,39,199309,987,3
76,41,198960,385,2
64,37,199080,120,0
65,3,199200,531,2
62,16,199320,692,2
76,41,199440,324,2
57,61,199868,1698,3
60,9,199119,361,3
59,41,199680,120,0
52,38,199430,218,3
64,41,199690,120,2
50,38,200040,108,1
57,34,200160,720,0
60,41,200160,318,1
62,3,200537,120,2
64,39,200400,120,0
62,41,200520,208,1
56,74,200640,425,3
59,34,200880,120,0
59,0,200745,1015,4
57,30,201000,642,1
60,36,200585,120,1
55,66,201120,45,3
63,0,201120,373,3
60,0,201084,120,2
64,38,201240,120,0
62,34,201360,240,0
65,69,201360,806,2
50,61,201511,902,4
67,64,201903,240,3
59,34,202109,240,2
50,41,201943,951,3
65,44,202080,828,2
57,12,202471,240,2
45,49,202345,360,2
52,1,202497,180,2
57,43,203040,194,1
64,34,203160,120,0
60,40,203102,257,2
64,35,203400,120,0
57,78,203520,677,2
64,34,203546,120,1
69,42,203473,637,3
61,66,204208,120,3
60,41,203562,120,1
64,36,204120,941,1
48,4,204240,1099,3
64,36,204360,120,0
52,43,204480,120,0
72,34,204600,683,2
71,40,204720,120,1
64,35,204840,120,0
52,41,204960,120,0
64,34,205080,120,0
52,42,205200,120,0
64,36,205320,120,0
59,64,205736,120,2
53,10,205427,625,4
40,18,205680,120,2
64,59,205800,120,1
64,43,205920,120,1
59,34,205582,902,3
60,75,206160,405,2
64,35,206280,120,0
56,78,206400,120,1
64,7,206520,788,2
57,12,206640,1078,2
64,36,206760,1013,1
60,41,206880,120,0
64,62,207000,120,1
53,41,207120,120,0
62,60,207012,247,3
52,43,207435,1030,2
57,34,207480,120,1
57,63,207600,120,1
60,35,207720,120,0
52,41,207840,120,0
61,6,207960,120,2
57,46,208163,480,1
45,43,208080,480,0
33,16,208800,120,2
53,1,208920,120,2
48,10,208690,120,2
52,74,209480,226,3
44,47,209280,120,0
52,3,209400,469,2
45,11,209020,120,2
59,41,209640,120,1
48,47,209314,631,2
56,7,209477,120,3
41,47,209527,120,1
47,4,210028,951,4
35,49,210240,120,1
39,39,210052,986,3
45,46,210835,120,1
48,40,210361,378,2
35,81,210720,120,2
46,39,211124,120,2
33,52,210846,159,2
25,87,211080,30,2
33,56,211072,979,3
45,28,211659,30,2
20,27,211550,60,3
49,39,213027,240,2
43,47,213120,240,1
28,39,214702,240,2
65,47,214560,149,2
45,6,216473,240,2
54,52,216174,240,2
69,73,216480,240,2
50,63,216909,1106,4
49,64,216720,240,2
46,51,217115,703,3
54,63,217200,240,2
52,27,216964,240,2
68,48,218123,120,2
52,11,218331,120,2
45,29,218880,418,2
57,80,218880,240,0
43,65,220320,626,2
39,80,220320,1238,2
45,65,221640,799,2
67,77,221266,1204,3
47,40,222720,240,2
47,76,222720,240,1
50,70,223029,1017,2
39,83,222680,240,3
52,109,223200,240,1
40,71,223200,240,0
59,78,224160,881,3
45,65,224400,815,2
45,60,224699,240,2
48,23,224640,240,2
48,39,226556,240,2
52,17,226521,240,2
47,52,227350,240,2
45,44,227520,240,0
57,47,227891,240,1
55,63,228000,240,2
50,51,228240,1212,2
40,43,227946,849,2
40,39,228333,240,1
42,47,228720,240,1
64,83,229920,678,2
50,43,230305,777,3
45,65,230400,240,0
60,112,230024,833,4
66,80,231505,1008,3
40,65,231840,240,0
57,77,233280,603,1
45,95,233350,240,2
42,63,234588,240,1
57,39,234240,925,3
38,57,234480,240,0
48,70,234833,240,2
52,84,234454,967,2
40,93,234720,240,1
56,17,236064,120,3
34,44,235742,120,2
57,70,235902,120,2
61,31,236106,215,2
59,3,236772,120,3
57,32,236520,120,1
64,34,236640,120,0
61,0,236760,885,2
57,40,236880,120,0
61,5,237000,120,2
66,33,237120,120,0
74,31,237479,120,2
62,33,237084,120,2
62,0,237867,1058,3
59,40,237848,338,3
62,31,237720,120,0
80,34,237840,120,1
63,34,237960,723,2
66,78,238418,300,3
62,61,238200,238,2
57,15,238320,198,2
67,3,238440,120,2
64,63,238626,120,2
72,5,238680,120,2
64,12,238800,120,1
61,31,238920,517,1
38,52,238746,435,3
48,72,239040,351,3
61,18,238846,120,2
51,72,239280,940,3
47,52,239760,836,1
50,52,239760,120,0
59,45,239919,710,2
61,19,240085,120,3
61,37,240480,240,0
64,22,240480,240,1
62,42,240842,240,1
69,15,240720,240,2
57,36,241111,350,2
61,43,240960,597,1
59,17,241200,844,3
57,42,241541,1319,2
61,79,241392,1341,3
54,38,241680,980,2
56,32,241680,240,0
50,66,241753,240,2
45,53,241920,240,0
52,91,243360,240,1
39,30,243360,946,3
54,53,244608,499,3
60,101,244800,240,2
54,90,245760,547,2
33,52,245760,418,2
49,58,246114,240,2
25,19,246174,240,3
40,58,246240,240,0
41,42,246319,805,4
59,60,247394,1189,3
48,72,247680,240,1
39,84,248640,719,3
57,72,248640,240,0
38,16,248880,240,1
54,66,248786,441,3
52,79,249347,342,2
53,66,249120,1022,2
57,28,250390,321,3
45,24,250503,982,3
57,42,250560,781,1
61,31,250680,120,0
64,34,250800,120,0
75,32,251340,910,3
64,7,251353,970,3
61,30,251160,550,1
57,40,251280,120,0
62,30,251400,120,0
66,33,251520,120,0
50,31,252084,120,2
67,13,251890,120,3
62,12,251880,901,2
57,40,252000,120,0
62,62,252120,966,2
69,34,252240,120,1
58,34,252360,120,1
54,9,252862,1008,4
74,33,252907,883,3
71,77,252720,462,3
61,33,252619,120,1
64,33,252960,434,1
61,70,253274,309,3
55,33,252750,120,2
61,31,253681,568,2
41,52,253440,1065,2
45,52,253156,120,1
57,16,253680,905,3
57,45,253680,120,0
50,25,254160,120,1
47,52,254505,54,2
62,45,254547,120,1
59,45,254252,901,2
52,0,254880,1010,3
64,43,254572,1009,2
52,35,255120,504,2
62,42,255203,1181,2
61,43,255360,240,0
70,36,255529,155,3
49,42,256048,720,2
61,72,255600,480,1
61,42,255600,974,2
71,8,255599,240,3
56,72,256080,240,1
65,66,256536,240,2
53,26,256320,240,2
40,53,257444,841,2
52,66,257760,240,0
71,41,259041,240,3
45,53,259200,240,0
42,80,260511,922,3
40,63,260210,1177,3
38,47,260236,880,2
55,58,260876,240,2
52,69,260864,240,1
40,58,260241,1011,2
47,38,262080,240,2
57,72,262080,240,0
43,38,262550,240,3
57,72,263040,240,0
60,42,263280,240,2
38,54,263280,240,0
48,43,263520,240,2
40,66,264004,240,1
57,36,264104,120,2
45,52,264720,120,0
44,43,266027,120,2
64,26,266520,120,0
61,30,266640,120,0
72,0,266760,534,3
57,36,266880,517,1
64,29,267000,120,0
61,30,267120,120,0
64,28,267240,120,0
53,75,267360,120,2
64,31,267968,529,2
52,33,267394,887,3
73,13,268042,120,3
61,41,267840,120,0
64,57,267960,24,2
48,0,268080,741,3
64,7,268099,120,2
61,36,268320,120,0
64,25,268440,120,0
44,0,268560,120,2
64,27,268841,120,1
58,36,268369,120,2
76,0,268631,120,3
57,0,269040,120,1
64,0,269160,120,1
56,38,269280,120,0
51,23,269115,120,2
63,25,269520,120,0
64,23,269640,120,0
63,36,269760,120,1
64,0,269880,217,2
55,28,270000,120,1
64,55,270120,120,1
56,41,270427,120,1
64,5,270765,477,3
70,55,270480,120,2
64,0,270600,831,2
58,40,270720,638,1
74,28,270840,120,1
60,31,270960,120,1
60,58,271080,266,3
64,36,271200,181,2
64,25,271522,357,2
58,0,271351,120,3
64,26,271989,482,2
64,10,272042,776,4
53,28,271800,120,1
52,30,271920,120,0
64,28,272040,120,0
52,65,271908,1110,4
64,6,272280,120,1
65,30,272400,120,1
64,56,272241,170,3
54,40,272640,480,0
56,43,273600,120,0
72,61,273720,120,2
63,14,273453,120,2
64,0,273960,120,1
49,47,273978,966,3
76,47,275040,480,1
57,39,275100,1382,2
56,40,275325,480,2
51,48,275155,1105,3
50,5,276000,1394,2
59,51,276000,480,0
42,52,276424,480,2
48,68,276017,480,3
45,30,277802,1101,3
57,22,278040,510,2
57,75,278160,306,2
57,49,278441,90,1
65,81,277960,90,3
57,35,278520,758,1
66,38,278162,353,3
57,72,278760,90,1
57,42,279284,90,1
57,37,279000,90,0
52,79,279120,90,2
57,37,279341,599,2
43,47,279436,1425,3
40,99,280346,433,3
53,77,281162,90,3
59,51,280582,943,3
54,18,281160,90,2
52,50,281280,90,0
52,36,281235,438,2
52,40,281856,272,2
52,63,281734,90,2
52,19,281760,352,2
63,35,281414,351,3
64,76,281529,768,4
52,66,282120,90,1
52,47,282240,1415,1
50,40,284160,609,2
54,40,284607,480,1
56,10,284781,539,3
64,18,284640,480,1
66,68,285284,1287,4
70,40,285120,810,2
59,47,286080,480,0
45,39,285778,480,2
40,39,286007,880,3
52,1,286560,1440,1
58,39,286560,1636,2
75,75,286679,1553,4
62,14,287906,480,2
45,30,287027,1217,3
68,28,288000,1197,2
72,34,287809,1235,3
52,30,288480,1309,2
57,43,289440,120,0
64,26,289560,654,1
67,69,289825,120,3
64,25,289800,888,1
57,62,290058,120,2
71,65,290040,120,2
75,60,290506,120,3
71,29,290280,513,2
66,43,290400,53,2
64,31,290838,120,1
48,33,290833,778,3
58,62,290760,120,2
61,42,291070,120,1
64,29,290894,381,2
57,31,291120,489,1
64,0,291733,345,3
61,36,291360,120,0
72,26,291480,765,2
57,51,291600,1069,2
64,26,291720,120,0
61,36,291840,120,0
64,28,292168,1023,2
48,9,292451,120,3
64,55,292200,120,1
54,38,292320,915,2
50,22,292440,120,1
63,27,292295,120,1
62,0,293038,483,4
69,36,292800,120,1
64,26,292920,120,0
73,30,293040,120,1
64,29,293160,120,0
56,59,293280,336,2
55,31,293400,120,1
51,33,293344,120,2
64,0,293640,350,2
60,42,293760,477,2
58,59,294291,120,3
63,31,294226,314,2
64,28,294120,935,1
60,63,294240,120,2
64,27,294549,120,1
63,29,294480,421,1
64,27,294445,120,1
68,36,295044,120,2
52,28,294840,120,1
52,30,294558,540,2
64,3,295080,120,1
62,76,295200,120,2
53,4,295320,47,3
49,6,295606,120,3
64,5,295767,409,3
54,74,295889,480,2
52,65,296516,120,3
59,32,296760,120,1
63,3,297199,120,2
64,30,296889,69,2
56,69,297120,480,1
56,56,298405,480,3
75,42,298353,1306,3
62,67,298980,480,3
54,71,298560,831,2
59,83,299040,838,2
59,59,298758,480,3
52,10,299520,480,1
56,46,299520,854,1
35,64,301397,120,2
65,47,301080,573,2
57,51,300790,90,1
68,75,301476,90,3
47,50,301630,90,2
57,32,301560,90,0
57,75,301680,90,1
66,33,301800,923,2
57,42,301692,1043,2
55,56,302040,90,2
63,77,302245,90,3
68,34,302280,90,1
57,16,302213,480,2
40,64,304244,966,2
52,46,303860,314,2
58,51,304516,835,3
47,76,304200,250,3
43,26,304645,90,3
47,65,304530,750,4
52,10,304560,694,2
52,34,304680,90,0
52,42,304800,90,0
45,61,305407,324,4
52,0,304741,90,2
64,0,305160,435,3
59,76,304932,480,3
64,43,307127,1447,2
54,43,307062,480,1
65,43,307680,480,1
56,43,307548,480,1
78,11,308614,480,3
57,18,308354,1339,3
55,39,309457,858,3
69,47,309267,480,2
40,67,309059,480,3
52,77,309977,1440,2
45,39,309330,1231,3
61,47,309600,1371,1
73,40,310560,480,1
59,30,310560,480,0
57,68,311040,1385,2
62,34,311040,480,0
61,33,311520,480,0
67,65,312717,606,4
69,32,312600,1058,1
60,37,312720,788,2
59,55,312568,861,4
57,45,312531,120,1
80,34,313080,120,1
59,37,313080,120,1
68,34,313401,120,1
54,47,313122,120,2
76,36,313560,457,2
61,42,313680,120,0
81,3,313652,120,3
57,50,313920,352,1
66,20,314040,120,1
48,46,313778,120,2
80,18,314280,120,2
67,54,314400,120,1
62,5,314451,120,2
57,10,314640,120,1
75,44,314544,376,3
50,22,314880,579,2
54,43,315350,1063,3
53,46,314797,120,2
57,65,315240,120,1
45,81,314870,721,3
42,21,315792,924,4
50,49,315600,748,1
54,47,315720,120,0
58,90,316052,120,3
54,52,315960,120,0
50,55,316080,559,1
43,33,316200,120,2
45,101,315833,240,3
54,27,316508,120,2
50,61,316560,120,0
54,90,316680,120,1
45,70,316800,1099,1
50,70,316800,1306,1
43,53,317280,679,2
63,53,317280,909,2
68,81,318240,1440,2
60,43,318700,1440,2
53,17,318240,1440,2
59,72,319680,1778,2
64,85,319680,2159,2
57,14,319680,2220,3
61,79,321520,1111,4
70,45,321502,1462,3
55,81,321120,480,2
46,45,321600,673,2
50,45,321107,480,2
75,78,321230,480,3
57,45,322413,637,2
64,53,322080,1065,1
64,73,322080,480,2
71,29,322560,480,2
52,43,322560,960,0
47,48,322463,480,2
51,18,323040,548,3
66,51,323371,480,2
57,37,324000,120,0
64,28,323805,120,1
61,6,324240,120,1
64,28,324182,981,2
57,73,324480,580,2
64,31,324245,120,1
73,7,324924,484,4
75,0,324471,120,3
50,42,325200,289,3
64,0,325080,900,2
71,67,324870,716,4
64,68,324847,120,2
61,44,325440,974,1
64,28,325560,120,0
64,0,325680,1052,3
64,27,325800,120,0
61,7,326334,120,2
64,59,326040,120,1
52,0,326576,120,3
51,23,326724,120,2
61,72,326400,459,2
73,28,326520,120,1
69,32,326512,120,2
64,0,326760,482,2
56,76,326880,120,1
62,64,327099,120,3
63,33,327369,384,2
64,30,327148,60,2
56,10,327701,782,3
64,8,327227,775,3
63,62,327238,610,3
64,30,327593,322,2
49,61,327953,170,4
78,30,328170,120,2
46,33,328352,296,3
64,30,328200,120,0
59,57,328094,478,3
64,29,328839,753,2
53,51,328630,120,3
64,66,328299,120,2
56,34,329289,120,1
64,0,328761,120,2
59,28,329040,120,0
64,26,329160,120,0
52,16,329181,384,3
68,30,329400,345,2
51,33,329520,847,2
63,9,329640,37,3
54,11,329525,566,3
64,28,329760,657,2
75,62,329725,614,4
72,27,330120,120,1
54,18,330023,120,2
64,0,330360,394,2
63,6,330480,1052,2
58,34,330840,120,2
56,19,330580,851,3
78,10,330840,120,2
77,36,330730,27,3
64,56,330877,120,2
50,42,331355,1242,3
36,37,332160,480,1
61,65,332160,480,2
52,51,332260,480,2
52,81,332640,1440,1
57,44,332210,1153,2
61,32,332640,960,1
68,23,333505,1315,4
59,34,333600,480,0
52,64,333623,1180,4
57,0,334080,1440,1
64,39,333942,1806,2
61,39,335040,480,0
45,61,335520,455,1
52,50,335640,181,2
49,14,335478,479,4
57,50,335463,120,1
41,61,336000,452,2
49,50,336120,120,0
56,81,336240,120,2
70,50,336125,120,2
47,100,336480,614,2
61,75,336600,289,3
56,32,336720,60,2
59,14,337032,528,3
49,51,336960,960,0
52,61,336960,960,1
50,89,337920,801,2
57,99,338351,480,2
48,35,338859,1377,3
61,42,338400,480,0
52,66,338699,1267,3
61,62,339277,480,2
38,31,339360,924,2
56,31,339360,480,0
62,37,338951,480,1
57,3,339840,1418,2
62,41,339840,480,0
59,66,340320,1000,3
57,77,341280,120,1
58,29,341400,120,1
61,36,341520,120,0
72,32,341692,120,2
67,22,341760,344,3
73,34,341880,120,1
69,16,342000,190,3
73,69,342120,120,2
71,47,342240,120,1
66,13,342360,120,2
61,64,342480,710,2
74,2,342600,308,3
57,48,342720,120,0
66,41,343284,48,2
62,7,342643,1095,3
66,41,343176,120,1
54,52,343357,120,1
62,41,343815,802,2
57,45,343440,465,1
62,41,343560,861,1
50,51,343680,429,1
51,43,343976,120,2
44,85,343849,371,4
57,43,344040,120,0
45,56,344160,120,0
54,15,344280,627,2
50,49,344400,519,1
54,13,344414,120,2
45,60,344640,500,1
54,52,344760,857,1
50,86,344880,120,1
53,86,345000,120,2
45,70,345120,120,0
54,85,345410,223,3
57,96,345446,120,3
42,95,345015,120,3
45,70,345600,1475,1
46,70,345434,480,2
45,53,346189,480,1
49,53,346080,480,0
48,80,347238,1440,3
64,12,347197,1908,4
61,14,346962,2200,4
59,43,348480,1608,1
64,51,348480,1584,1
66,43,348480,2322,2
74,26,349920,1413,3
58,45,349920,1424,2
75,45,349454,801,3
56,45,350400,480,0
59,45,350400,480,0
76,14,350400,999,3
57,45,351294,480,1
65,53,350473,405,3
48,45,350880,480,1
61,34,350968,1022,3
52,43,351747,1212,2
57,48,351805,1006,2
68,43,351840,480,1
52,91,351840,1257,3
57,70,352493,120,2
64,9,353231,305,3
61,33,353040,120,0
64,0,353271,120,2
57,42,353280,120,0
59,4,353061,120,3
64,37,353520,233,2
64,28,353640,751,1
57,42,353760,120,0
64,30,354272,1070,2
67,74,354252,559,4
64,30,354120,668,1
61,44,354240,120,0
64,27,354360,120,0
57,31,354729,697,2
64,61,354178,120,2
61,34,355057,632,2
64,63,355105,120,2
53,55,354714,120,3
64,26,355080,120,0
66,37,355200,120,1
64,0,355320,120,1
71,12,355620,337,4
75,64,355560,816,3
56,37,355680,120,0
73,67,356032,120,3
77,33,356419,357,3
64,0,356040,120,1
56,37,356160,120,0
66,68,356220,532,4
75,2,356456,747,4
60,28,356520,120,1
56,37,356640,120,0
62,30,356675,56,3
45,33,356880,120,1
64,28,357000,120,0
56,37,357040,120,2
64,28,357240,120,0
65,31,357725,548,3
64,0,357278,120,2
56,0,357785,789,3
64,0,357797,308,3
65,28,357840,606,2
64,25,357657,120,1
61,40,357635,819,3
78,63,358492,964,4
56,70,358320,120,1
59,3,358092,1088,4
54,68,358723,120,2
64,50,359094,120,2
63,8,358367,845,3
75,30,358992,773,3
54,72,359040,120,1
64,67,358776,120,2
53,36,359280,653,2
68,0,358947,120,3
70,7,359595,315,4
64,33,359691,120,1
77,70,359760,507,3
64,34,359963,120,1
49,42,360106,803,3
37,64,360960,940,3
54,72,360960,733,2
55,22,361458,1447,4
52,44,361745,1795,2
48,44,361440,1272,2
61,54,361440,960,0
60,46,362073,889,3
59,34,361914,480,1
62,0,363039,960,2
49,33,362399,1440,2
75,39,362880,1440,1
50,76,363840,1158,3
57,61,363997,881,3
59,28,364314,374,4
66,54,364560,863,2
64,51,364499,598,3
57,61,364800,728,2
49,78,365274,120,2
52,54,365040,120,0
57,85,365160,362,2
47,61,365280,120,0
50,81,365153,120,2
59,87,365520,120,2
59,51,365640,692,1
49,51,365760,1019,1
65,87,365760,1290,3
50,56,366998,1326,2
55,38,366313,480,3
54,69,367200,480,2
61,42,366762,1108,2
52,7,367680,1004,2
61,4,367680,480,1
52,31,368160,480,0
56,52,368549,822,3
62,37,368160,480,0
57,64,368640,1950,2
72,28,368267,731,3
61,22,369120,480,0
57,41,372845,240,1
64,70,373602,240,2
70,37,373440,162,2
70,56,373680,240,2
61,42,373920,240,0
60,67,374160,240,2
57,1,374400,240,1
64,33,374507,240,1
56,42,374880,240,0
64,72,374675,240,2
57,36,374965,761,2
64,33,375600,240,0
45,42,375840,642,2
51,54,376080,607,3
51,2,375822,240,3
64,31,376560,602,1
61,40,376800,1040,1
77,31,377469,972,3
61,0,377280,874,2
63,31,377038,704,3
51,39,377760,730,2
64,31,378000,240,0
56,72,378240,240,1
63,69,378480,154,3
57,69,378720,1069,2
53,57,379172,240,3
59,62,379116,240,2
64,31,379168,240,1
57,38,379680,480,0
52,31,379680,1441,1
44,10,380160,240,2
33,64,380550,330,0
51,101,381079,300,3
40,75,380205,270,1
36,41,380753,240,3
57,38,381745,330,2
61,62,381683,300,1
64,68,381570,270,0
72,98,381600,383,3
40,70,382470,330,0
30,48,382500,1269,3
57,77,382530,489,2
54,80,382560,494,2
52,84,383858,330,2
56,68,383460,476,1
59,62,383255,270,1
73,107,383520,240,2
55,54,384909,297,4
61,109,384358,60,3
57,120,384960,661,3
56,113,384890,802,3
46,75,385352,60,2
61,51,385882,60,2
62,83,385920,60,0
70,78,386160,229,2
45,119,386201,60,3
54,77,386640,60,0
36,80,386560,60,2
52,79,387120,60,0
42,75,387555,480,2
37,61,387840,818,2
33,101,387840,420,2
49,78,388146,619,3
57,19,387822,240,2
53,32,388391,240,2
59,37,388800,240,0
64,32,388876,240,1
61,76,389280,240,1
61,70,389759,546,4
57,36,389760,240,0
57,33,390000,240,1
56,42,390240,533,1
64,33,390639,240,1
57,36,390720,240,0
69,33,390960,849,2
59,42,390949,240,1
59,64,391440,664,3
51,35,391680,526,2
64,6,392085,1069,3
61,40,392160,240,0
64,31,392400,240,0
54,0,392183,943,4
64,31,392880,1117,1
56,39,393120,901,1
52,31,393360,669,2
56,33,393600,1120,1
64,7,393840,240,1
53,6,394080,240,2
55,31,394266,1039,3
59,34,394560,240,0
64,5,394800,1198,2
57,38,395040,756,1
60,11,395040,1231,3
56,41,395520,240,0
33,59,395910,330,0
37,70,395940,658,1
36,98,395970,1269,3
45,101,396426,572,3
44,58,396530,330,2
67,31,396459,409,4
64,93,396930,270,1
69,71,396960,240,0
34,70,398304,330,2
44,72,397860,300,0
47,97,398054,270,2
43,105,397920,615,3
52,58,398790,330,0
54,68,399135,300,2
59,62,398850,270,0
64,31,398880,240,1
42,80,399840,491,1
54,73,400080,60,0
44,80,400594,60,1
57,73,400560,60,1
66,45,400800,60,2
61,104,401040,60,1
71,83,401280,152,2
51,112,401520,60,2
57,84,401760,60,0
54,52,402000,60,1
50,52,402240,395,2
52,119,402480,256,2
31,103,402513,427,4
40,23,403200,480,2
41,26,402748,585,4
40,78,403200,480,0
57,11,403680,401,2
64,36,403920,412,1
61,75,404072,240,2
64,36,404862,240,1
57,43,404640,240,0
66,35,404880,240,0
69,0,405120,240,2
66,35,405360,240,0
65,43,405600,240,1
70,64,406268,432,4
62,37,406013,240,1
77,65,406320,586,3
59,12,406560,943,3
64,35,406800,240,0
69,66,407040,240,2
64,35,407280,240,0
45,55,407662,330,1
49,31,407460,300,1
52,40,407591,270,2
57,68,407264,841,2
41,93,408390,920,3
50,21,408420,300,1
56,65,408450,1092,1
59,68,408480,629,1
49,79,409350,330,1
52,27,409380,300,1
48,92,409233,260,3
61,68,409239,240,1
39,88,409830,616,3
62,26,409860,1072,3
59,89,409969,260,2
62,68,409920,240,0
64,30,410310,925,3
44,31,410511,777,4
59,81,410177,270,2
75,68,410347,818,3
66,47,410916,332,3
61,44,411554,120,1
46,41,411240,971,2
61,41,411360,240,1
64,1,411971,240,2
59,37,411840,240,0
64,52,412080,874,2
61,42,412320,240,0
64,3,412560,240,1
57,36,412800,240,0
64,69,413491,499,3
56,42,412807,1107,2
64,33,413366,655,2
57,36,413760,240,0
78,33,413809,240,2
59,13,414240,522,2
64,31,414218,330,2
56,35,414720,346,1
64,31,415299,240,1
54,40,415200,240,0
64,31,415440,240,0
56,0,416145,976,3
64,31,416210,909,2
48,39,416160,1094,2
64,62,416200,240,2
49,33,416898,240,2
48,55,417340,240,3
45,6,417120,240,2
57,31,417360,240,0
48,9,417600,1193,3
53,66,417840,240,2
64,56,418080,1154,2
68,67,418080,480,2
57,26,418080,720,0
71,63,418239,313,4
44,66,418789,339,3
49,56,419160,226,1
61,55,419280,920,2
57,55,419400,485,1
47,66,419520,120,0
50,23,419640,120,1
56,36,419581,120,2
59,88,419880,120,1
49,105,420000,823,2
52,55,420391,189,2
52,22,420240,704,3
47,55,420527,120,2
50,28,420480,1096,2
62,30,420946,881,4
59,53,420720,794,1
75,53,420525,25,3
52,66,421455,120,1
57,90,421080,120,1
57,55,421200,322,2
74,55,420957,120,2
40,103,421440,120,1
50,56,421560,120,1
47,56,421680,908,1
52,56,421800,120,0
45,68,421920,120,0
49,57,422242,120,1
52,57,422160,120,0
57,18,422280,120,1
35,67,422851,784,3
57,40,422880,162,1
64,36,422898,459,2
51,36,423360,240,1
66,36,423600,240,1
57,72,423762,980,3
66,35,424080,387,1
62,35,424320,663,1
66,0,424560,240,1
57,43,424800,240,0
58,35,424846,807,3
59,11,425709,835,4
77,73,425520,311,3
49,74,425760,1238,3
56,35,426000,240,1
57,0,426240,502,3
53,35,426138,240,2
44,95,427098,1255,4
59,59,426475,300,2
47,105,426349,270,3
46,92,427122,1229,4
41,19,427997,330,3
50,59,427825,300,1
50,27,427994,851,4
59,68,427546,330,2
49,93,428550,330,1
49,56,428649,300,2
57,23,428355,260,2
49,63,428640,240,1
50,76,429030,552,2
68,82,429414,579,4
59,88,429090,1168,2
62,89,429029,240,2
60,17,429510,841,3
67,59,429489,300,2
55,37,429570,270,2
64,66,429600,240,0
62,10,430431,1002,3
61,11,430114,844,3
59,5,430352,608,3
57,41,430560,240,0
67,32,430300,240,2
59,0,431397,749,3
64,32,431280,240,0
52,42,431972,967,3
64,63,431760,1214,2
57,36,432000,522,1
53,1,432240,240,2
42,42,432480,240,1
64,55,432720,240,1
62,36,432960,833,2
53,33,433200,240,1
59,9,433440,707,2
64,31,433680,240,0
56,69,433770,240,2
64,31,434587,240,1
54,73,434400,240,1
64,54,434462,240,2
56,34,434727,579,2
65,63,435120,240,2
60,15,435360,240,2
64,31,435600,240,0
39,8,435958,790,4
59,55,436080,456,2
52,68,436624,240,2
57,31,436482,240,1
52,34,436800,240,0
56,31,437040,240,0
50,56,437483,720,3
71,38,437280,480,1
57,26,437512,1617,2
66,58,437760,240,2
45,66,437742,120,1
49,21,438360,554,2
59,55,438891,120,2
47,55,438754,120,2
47,35,438852,991,3
42,32,439073,692,4
49,32,439049,951,4
63,93,439559,227,4
49,66,438936,120,1
52,55,439320,120,0
57,55,439440,120,0
65,55,439213,120,2
53,66,439680,120,1
54,53,440168,120,1
52,53,439920,44,2
62,81,439904,491,3
52,66,440160,120,0
57,56,440110,120,1
71,77,440897,120,3
56,93,440520,120,2
44,67,440640,120,1
56,56,440760,120,0
59,81,440880,120,1
58,87,441253,110,3
43,36,440626,240,2
53,22,441171,960,4
61,30,441617,310,2
76,65,441360,228,2
61,30,441438,535,2
76,2,441153,1080,4
64,28,441840,725,2
75,34,442180,220,2
57,41,442080,240,0
48,28,442819,228,2
62,0,442320,382,3
74,28,442560,569,2
66,33,442560,228,0
62,28,443126,240,1
66,33,442800,240,0
50,71,442690,878,4
65,48,443564,1056,4
73,0,443280,381,3
61,27,443520,228,0
73,32,443520,812,2
63,57,443760,455,3
64,0,443640,240,2
58,67,444424,240,3
51,28,444240,1171,2
57,62,444571,913,4
62,28,444221,797,2
55,33,444957,330,3
62,28,444720,240,0
66,70,444720,240,1
57,41,444960,240,0
61,74,444960,1153,2
64,13,444960,673,2
44,15,445920,670,3
64,9,445920,885,3
44,4,446443,240,3
57,75,447318,1032,3
62,41,447926,880,3
63,14,447840,489,3
44,63,448800,679,2
56,89,448484,1060,4
50,63,449760,240,0
59,92,449760,934,2
62,63,450386,240,2
57,97,450720,240,1
52,63,451680,483,1
51,63,452085,240,2
57,63,453067,555,2
52,61,454080,120,0
50,61,454481,185,3
67,61,454080,991,2
64,40,453752,889,3
45,45,454486,120,2
37,102,454193,51,4
53,100,454560,120,2
57,79,454560,120,0
52,63,456000,120,0
56,33,456000,225,2
54,43,456498,120,3
64,75,456000,120,0
45,33,456864,120,2
49,109,455990,1015,3
52,91,456480,120,1
57,82,456321,675,2
