note,velocity,position,duration,anomalies
54,41,10,97,0
66,30,107,107,0
54,36,214,107,0
66,35,321,107,0
54,45,428,107,0
66,43,535,107,0
54,53,642,107,0
66,52,749,107,0
54,62,856,107,0
66,60,963,107,0
54,95,1070,107,0
66,89,1177,107,0
54,95,1284,107,0
66,89,1391,107,0
54,95,1498,107,0
66,89,1605,107,0
54,95,1712,107,0
66,89,1819,107,0
54,95,1926,107,0
66,89,2033,107,0
54,95,2140,107,0
66,89,2247,107,0
54,95,2354,107,0
66,89,2461,107,0
54,95,2568,107,0
66,110,3143,218,3
54,95,2782,107,0
66,89,2889,107,0
54,95,2996,107,0
66,89,3103,107,0
54,95,3210,107,0
66,89,3317,107,0
54,95,3424,107,0
66,89,3531,107,0
54,95,3638,107,0
66,89,3745,107,0
54,95,3852,107,0
68,123,4328,142,3
53,41,4096,107,0
65,30,4203,107,0
53,36,4310,107,0
65,34,4417,107,0
53,43,4524,107,0
65,41,4631,107,0
53,51,4738,107,0
65,48,4845,107,0
53,58,4952,107,0
65,55,5059,107,0
53,90,5166,107,0
65,84,5273,107,0
53,90,5380,107,0
65,84,5487,107,0
53,90,5594,107,0
65,84,5701,107,0
53,90,5808,107,0
65,84,5915,107,0
53,90,6022,107,0
65,84,6129,107,0
53,90,6236,107,0
65,84,6343,107,0
53,90,6450,107,0
65,84,6557,353,1
53,90,6664,107,0
65,84,6771,107,0
53,90,6878,107,0
65,84,6985,107,0
53,90,7092,107,0
65,84,7199,107,0
53,90,7306,107,0
65,84,7413,107,0
53,90,7520,107,0
65,84,7627,107,0
53,90,7734,107,0
65,84,7841,107,0
53,90,7948,107,0
65,84,8055,142,0
54,41,8192,107,0
66,30,8299,107,0
54,36,8406,107,0
66,34,8513,107,0
54,43,8620,107,0
66,41,8727,107,0
54,51,8834,107,0
66,48,8941,107,0
54,58,9048,107,0
66,55,9155,107,0
54,90,9262,107,0
66,84,9369,107,0
54,90,9476,107,0
66,84,9583,107,0
54,90,9690,107,0
66,84,9797,107,0
54,90,9904,107,0
66,84,10011,107,0
54,90,10118,107,0
66,84,10225,107,0
54,90,10332,107,0
66,84,10439,107,0
54,90,10546,107,0
66,84,10653,107,0
54,90,10760,107,0
66,84,10867,107,0
54,90,10974,107,0
66,84,11081,107,0
54,90,11188,107,0
66,84,11295,107,0
54,90,11402,107,0
66,84,11509,107,0
54,90,11616,107,0
66,84,11723,107,0
54,90,11830,107,0
66,84,11937,107,0
54,90,12044,107,0
66,84,12151,142,0
43,6,12767,113,3
67,6,12401,94,1
67,61,12416,863,2
55,36,12501,77,0
55,37,12514,64,0
67,38,12584,77,0
67,34,12627,34,0
55,40,12667,77,0
55,44,12740,4,0
67,43,12750,76,0
55,46,12832,21,0
67,41,12853,113,0
67,48,12914,52,0
55,51,12966,108,0
55,51,12997,77,0
67,49,13079,78,0
67,54,13080,77,0
55,57,13163,79,0
55,58,13192,50,0
67,59,13248,83,0
67,56,13305,26,0
55,62,13337,85,0
55,62,13418,4,0
67,62,13428,78,0
55,62,13512,19,0
67,56,13531,113,0
67,62,13595,49,0
55,62,13644,110,0
55,62,13678,76,0
67,56,13757,79,0
67,62,13760,76,0
55,62,13842,75,0
55,62,13870,47,0
67,62,13923,76,0
67,56,13983,16,0
55,62,14005,77,0
67,62,14088,8,0
55,62,14096,113,0
55,62,14171,38,0
67,56,14209,113,0
67,62,14255,67,0
55,62,14322,113,0
51,27,14348,798,3
67,56,14435,87,0
67,62,14444,78,0
55,62,14528,77,0
55,62,14548,57,0
67,62,14611,77,0
67,56,14661,27,0
55,62,14694,76,0
55,62,14774,113,0
67,62,14776,76,0
55,62,14858,29,0
61,56,14413,113,2
67,62,14939,61,0
55,62,15000,98,0
55,62,15021,77,0
67,62,15104,77,0
67,56,15113,68,0
55,62,15187,78,0
63,37,14733,39,3
67,62,15271,82,0
67,56,15339,14,0
55,62,15359,84,0
67,62,15449,3,0
55,62,15452,113,0
55,62,15533,32,0
67,56,15565,113,0
67,62,15617,61,0
55,62,15678,97,0
55,62,15699,76,0
67,99,15992,76,2
67,56,15791,66,0
55,62,15863,76,0
55,62,15904,35,0
67,62,15945,77,0
67,56,16017,5,0
55,62,16028,76,0
67,62,16110,20,0
55,62,16130,113,0
55,62,16193,50,0
67,56,16243,115,0
67,62,16277,81,0
54,41,16394,97,0
64,63,16491,107,2
54,36,16598,107,0
66,35,16705,107,0
54,45,16812,107,0
66,43,16919,107,0
54,53,17026,107,0
66,52,17133,107,0
54,62,17240,107,0
66,60,17347,107,0
54,95,17454,107,0
66,89,17561,107,0
54,95,17668,107,0
66,89,17775,107,0
54,95,17882,107,0
66,89,17989,107,0
54,95,18096,107,0
66,89,18203,107,0
54,95,18310,107,0
66,89,18417,107,0
54,95,18524,107,0
66,89,18631,107,0
54,95,18738,107,0
66,89,18845,107,0
54,95,18952,107,0
66,89,19059,107,0
54,95,19166,107,0
66,89,19273,107,0
54,95,19380,107,0
66,89,19487,107,0
62,95,19594,556,2
66,89,19701,107,0
54,95,19808,107,0
66,89,19915,107,0
54,95,20022,107,0
66,89,20129,107,0
54,95,20236,107,0
66,89,20343,142,0
53,41,20480,107,0
65,30,20587,954,1
53,36,20694,107,0
65,34,20801,107,0
53,43,20908,107,0
65,41,21015,107,0
53,51,21122,107,0
65,48,21229,107,0
53,58,21336,107,0
65,55,21443,107,0
48,112,21550,107,2
65,84,21657,107,0
53,90,21764,107,0
65,84,21871,107,0
53,90,21978,107,0
65,84,22085,107,0
53,90,22192,107,0
65,84,22299,107,0
53,90,22406,107,0
65,84,22513,107,0
53,90,22620,107,0
65,84,22727,107,0
53,90,22834,107,0
65,84,22941,107,0
53,90,23048,107,0
65,84,23155,107,0
53,90,23262,107,0
65,84,23369,107,0
53,90,23476,107,0
65,84,23583,107,0
53,90,23690,107,0
65,84,23797,107,0
53,90,23904,107,0
65,84,24011,107,0
53,90,24118,107,0
65,84,24225,107,0
53,90,24332,107,0
65,84,24439,142,0
54,41,24576,107,0
66,30,24683,107,0
54,36,24790,107,0
66,34,24897,107,0
54,43,25004,107,0
66,41,25111,107,0
54,51,25218,107,0
66,48,25325,107,0
54,58,25432,107,0
66,55,25539,107,0
54,90,25646,107,0
66,84,25753,107,0
54,90,25860,107,0
66,84,25967,107,0
54,90,26074,107,0
66,84,26181,107,0
54,90,26288,107,0
66,84,26395,107,0
54,90,26502,107,0
66,84,26609,107,0
54,90,26716,107,0
66,84,26823,107,0
54,90,26930,107,0
66,84,27037,107,0
54,90,27144,107,0
66,84,27251,107,0
47,90,27054,107,2
66,84,27465,107,0
54,90,27572,107,0
66,84,27679,107,0
54,90,27786,107,0
66,84,27893,107,0
54,90,28000,107,0
66,84,28107,107,0
54,90,28214,107,0
66,84,28321,107,0
54,90,28428,107,0
66,84,28535,142,0
55,41,28672,113,0
68,30,28893,94,2
67,36,28800,79,0
55,36,28885,77,0
42,77,29349,64,3
67,38,28968,77,0
67,34,29011,34,0
55,40,29051,77,0
55,44,29124,4,0
67,43,29134,76,0
55,46,29216,21,0
56,4,28920,113,3
67,48,29298,52,0
55,51,29350,108,0
55,51,29381,77,0
67,49,29463,78,0
67,54,29464,77,0
55,57,29547,79,0
55,58,29576,50,0
67,59,29632,83,0
67,56,29689,26,0
55,62,29721,85,0
55,62,29802,4,0
67,62,29812,78,0
55,62,29896,19,0
67,56,29915,113,0
67,62,29979,49,0
55,62,30028,110,0
55,62,30062,76,0
67,56,30141,79,0
67,62,30144,76,0
45,36,30535,75,3
55,62,30254,47,0
67,62,30307,76,0
67,56,30367,16,0
55,62,30389,77,0
67,62,30472,8,0
55,62,30480,113,0
55,62,30555,38,0
67,56,30593,113,0
67,62,30639,67,0
55,62,30706,113,0
55,62,30732,87,0
67,56,30819,87,0
67,62,30828,78,0
55,62,30912,77,0
55,62,30932,57,0
67,62,30995,77,0
67,56,31045,27,0
55,62,31078,76,0
55,62,31158,113,0
67,83,30832,76,2
55,62,31242,29,0
67,56,31271,113,0
67,62,31323,61,0
55,62,31384,98,0
55,62,31405,77,0
67,62,31488,77,0
67,56,31497,68,0
55,62,31571,78,0
55,62,31610,39,0
67,62,31655,82,0
67,56,31723,14,0
55,62,31743,84,0
67,62,31833,3,0
55,62,31836,113,0
55,62,31917,32,0
56,78,31949,480,3
81,89,31932,61,3
55,62,32062,97,0
55,62,32083,76,0
67,99,32165,196,2
67,56,32175,66,0
55,62,32247,76,0
55,62,32288,35,0
67,62,32329,77,0
67,56,32401,5,0
55,62,32412,76,0
67,62,32494,20,0
55,62,32740,113,1
55,62,32577,50,0
67,56,32627,115,0
67,62,32661,81,0
36,39,10,97,0
48,28,107,107,0
36,34,214,107,0
48,32,321,107,0
36,41,428,107,0
48,39,535,107,0
36,49,642,107,0
48,46,749,107,0
36,56,856,107,0
48,53,963,107,0
36,88,1070,107,0
48,82,1177,107,0
36,88,1284,107,0
48,82,1544,107,1
31,109,1498,107,2
48,82,1605,107,0
36,88,1712,107,0
48,82,1819,107,0
36,88,1926,107,0
48,82,2033,107,0
36,88,2140,107,0
48,82,2247,107,0
36,88,2354,107,0
48,82,2461,107,0
36,88,2568,107,0
48,82,2675,107,0
36,88,2782,107,0
48,82,2889,107,0
36,88,2996,107,0
48,82,3103,107,0
36,88,3210,107,0
48,82,3317,107,0
36,88,3424,107,0
48,82,3531,107,0
36,88,3638,107,0
48,82,3745,107,0
36,88,3852,107,0
48,82,3959,142,0
35,39,4096,107,0
47,28,4203,107,0
35,34,4310,107,0
47,32,4417,107,0
35,41,4524,107,0
47,39,4631,107,0
36,49,4738,246,2
47,46,4845,107,0
35,56,4952,107,0
47,53,5059,107,0
35,88,5166,107,0
47,82,5273,107,0
35,88,5380,107,0
47,82,5487,107,0
35,88,5594,107,0
47,82,5701,107,0
35,88,5808,107,0
47,82,5915,107,0
35,88,6022,107,0
47,82,6129,107,0
35,88,6236,107,0
47,82,6343,107,0
35,88,6450,107,0
47,82,6557,107,0
35,88,6664,107,0
47,82,6771,107,0
35,88,6878,107,0
47,82,6985,107,0
35,88,7092,107,0
47,82,7199,107,0
35,88,7306,107,0
47,82,7413,107,0
35,88,7520,107,0
47,82,7627,107,0
35,88,7734,107,0
47,82,7841,107,0
43,66,7703,784,4
47,82,8055,142,0
36,39,8192,107,0
48,28,8299,107,0
36,34,8406,107,0
48,32,8513,107,0
36,41,8620,107,0
48,39,8727,107,0
36,49,8834,107,0
48,46,8941,107,0
36,56,9048,107,0
48,53,9155,107,0
36,88,9262,107,0
48,82,9369,107,0
36,88,9476,107,0
48,82,9583,107,0
36,88,9690,107,0
48,82,9797,107,0
36,88,9904,107,0
48,82,10011,107,0
36,88,10118,107,0
48,82,10225,107,0
36,88,10332,107,0
48,82,10439,107,0
36,88,10546,107,0
48,82,10653,107,0
36,88,10760,107,0
48,82,10867,107,0
36,88,10974,107,0
48,82,11081,107,0
36,88,11188,107,0
48,82,11295,107,0
36,88,11402,107,0
48,82,11509,107,0
36,88,11616,107,0
48,82,11723,107,0
36,88,11830,107,0
48,82,11937,107,0
36,88,12044,107,0
48,82,12151,142,0
37,40,12288,107,0
49,29,12395,107,0
37,35,12502,107,0
49,33,12609,107,0
37,43,12716,107,0
49,40,12823,107,0
37,50,12930,107,0
49,48,13037,107,0
51,58,12781,1059,3
49,55,13251,107,0
37,90,13358,107,0
49,84,13465,107,0
37,90,13572,107,0
49,84,13679,107,0
37,90,13786,107,0
49,84,13893,107,0
37,90,14000,107,0
49,84,14107,107,0
37,90,14214,107,0
49,84,14321,107,0
37,90,14428,107,0
49,84,14535,107,0
37,90,14642,107,0
49,84,14749,107,0
37,90,14856,107,0
49,84,14963,107,0
37,90,15070,107,0
49,84,15177,107,0
37,90,15284,107,0
49,84,15391,107,0
37,90,15498,107,0
49,84,15605,107,0
37,90,15712,107,0
49,84,15819,107,0
37,90,15926,107,0
49,84,16033,107,0
37,90,16140,107,0
49,84,16247,142,0
36,39,16394,97,0
48,28,16491,107,0
36,34,16598,107,0
48,32,16705,107,0
36,41,16812,107,0
53,39,16692,107,2
36,49,17026,107,0
48,46,17133,107,0
36,56,17240,107,0
48,53,17347,107,0
36,88,17454,107,0
48,82,17561,107,0
36,88,17668,107,0
48,82,17775,107,0
36,88,17882,107,0
48,82,17989,107,0
36,88,18096,107,0
48,82,18203,107,0
36,88,18310,107,0
48,82,18417,107,0
36,88,18524,107,0
48,82,18631,107,0
36,88,18738,107,0
48,82,18845,107,0
36,88,18952,107,0
48,82,19059,107,0
36,88,19166,107,0
48,82,19273,107,0
36,88,19380,107,0
48,82,19487,107,0
36,88,19594,107,0
48,82,19701,107,0
36,88,19808,107,0
48,82,19915,107,0
36,88,20022,107,0
48,82,20129,107,0
36,88,20236,107,0
48,82,20343,142,0
35,14,20480,956,2
47,28,20587,107,0
35,34,20694,107,0
47,32,20801,107,0
35,41,20908,107,0
47,39,21015,107,0
35,49,21122,107,0
47,46,21229,107,0
35,56,21336,107,0
47,53,21443,107,0
35,88,21550,107,0
47,82,21657,107,0
35,88,21764,107,0
47,82,21871,107,0
35,88,21978,107,0
47,82,22085,107,0
35,88,22192,107,0
47,82,22299,107,0
35,88,22406,107,0
47,82,22513,107,0
35,88,22620,107,0
47,82,22727,107,0
35,88,22834,107,0
47,82,22941,107,0
35,88,23048,107,0
47,82,23155,107,0
35,88,23262,107,0
47,82,23369,107,0
35,88,23476,107,0
47,82,23583,107,0
35,88,23690,107,0
47,82,23797,107,0
35,88,23904,107,0
47,82,24011,107,0
35,88,24118,107,0
47,82,24225,107,0
35,88,24332,107,0
47,82,24439,142,0
36,39,24576,107,0
48,28,24683,107,0
36,34,24790,107,0
48,32,24897,107,0
36,41,25004,107,0
48,39,25111,107,0
36,49,25218,107,0
48,46,25325,107,0
36,56,25432,107,0
48,53,25539,107,0
36,88,25646,107,0
48,82,25753,107,0
36,88,25860,107,0
48,82,25967,107,0
36,88,26074,107,0
48,82,26181,107,0
36,88,26288,107,0
48,82,26395,107,0
36,88,26502,107,0
48,82,26609,107,0
36,88,26716,107,0
48,82,26823,107,0
36,88,26930,107,0
48,82,27037,107,0
36,88,27144,107,0
48,82,27251,107,0
36,88,27358,107,0
48,82,27465,107,0
36,88,27572,107,0
48,82,27679,107,0
36,88,27786,107,0
48,82,27893,107,0
36,88,28000,107,0
48,82,28107,107,0
36,88,28214,107,0
48,82,28321,107,0
36,88,28428,107,0
48,82,28535,142,0
37,40,28672,107,0
49,29,28779,107,0
37,35,28886,107,0
49,33,28993,107,0
29,77,29254,924,4
49,40,29207,107,0
37,50,29314,107,0
49,48,29421,107,0
37,58,29528,107,0
49,55,29635,107,0
37,90,29742,107,0
49,44,30160,1072,3
37,90,29956,107,0
49,84,30063,107,0
37,90,30170,107,0
49,84,30277,107,0
37,90,30384,107,0
49,84,30491,107,0
37,90,30598,107,0
49,84,30705,107,0
37,90,30812,107,0
49,84,30919,107,0
37,90,31026,107,0
49,84,31133,107,0
37,90,31240,107,0
49,84,31347,107,0
37,90,31454,107,0
49,84,31561,107,0
37,90,31668,107,0
49,84,31775,107,0
37,90,31882,107,0
49,84,31989,107,0
37,90,32096,107,0
49,84,32203,107,0
37,90,32310,107,0
49,84,32417,107,0
37,90,32524,107,0
49,84,32631,142,0
